200
0.0001590219 0.4937418514
0.0004766417 0.4937418514
0.0007913771 0.4920897079
0.0011087060 0.4822508866
0.0014332095 0.4822508866
0.0017533696 0.4822508866
0.0020738836 0.4822508866
0.0023898243 0.4822508866
0.0027114938 0.4696491177
0.0030308702 0.4696491177
0.0033549936 0.4696491177
0.0036743772 0.4592351152
0.0039964611 0.4592351152
0.0043168006 0.4533205841
0.0046361055 0.4532073941
0.0049577917 0.4532073941
0.0052744309 0.4532073941
0.0055980595 0.4439374185
0.0059209310 0.4439374185
0.0062445612 0.4399148159
0.0065677676 0.4399148159
0.0068957653 0.4366307371
0.0072182286 0.4287701000
0.0075428268 0.4266840504
0.0078657949 0.4220271210
0.0081915264 0.4156699812
0.0085178493 0.4156699812
0.0088420382 0.4156699812
0.0091693380 0.4156699812
0.0094951019 0.4156699812
0.0098236382 0.4065542420
0.0101587863 0.3993046502
0.0104908956 0.3962969402
0.0108191771 0.3934679154
0.0111463644 0.3934679154
0.0114761405 0.3934679154
0.0118038665 0.3934679154
0.0121325578 0.3816901715
0.0124637789 0.3816901715
0.0127962226 0.3816901715
0.0131281103 0.3816901715
0.0134615699 0.3635257302
0.0137934399 0.3627118644
0.0141274487 0.3596140473
0.0144639488 0.3579673864
0.0147962431 0.3579673864
0.0151304287 0.3579673864
0.0154653929 0.3579673864
0.0158000121 0.3579673864
0.0161364278 0.3477316183
0.0164718371 0.3427205563
0.0168126104 0.3384615385
0.0171565797 0.3374478442
0.0174979860 0.3326379835
0.0178393547 0.3304937413
0.0181797054 0.3265102130
0.0185241644 0.3265102130
0.0188671795 0.3239167282
0.0192125942 0.3239167282
0.0195593752 0.3164986092
0.0199093831 0.3087353325
0.0202601374 0.3087353325
0.0206086662 0.3087353325
0.0209549173 0.3030452293
0.0213030954 0.3030452293
0.0216526110 0.3030452293
0.0220021920 0.2934886551
0.0223501887 0.2902581038
0.0227045408 0.2900562091
0.0230595761 0.2900562091
0.0234157543 0.2900562091
0.0237715919 0.2874652295
0.0241292785 0.2804242003
0.0244821364 0.2754019991
0.0248365194 0.2754019991
0.0251929649 0.2698074666
0.0255518224 0.2698074666
0.0259155444 0.2657105606
0.0262770287 0.2588986918
0.0266420515 0.2588986918
0.0270069580 0.2534550196
0.0273777787 0.2534550196
0.0277415413 0.2532921900
0.0281123794 0.2532921900
0.0284843718 0.2521731572
0.0288562249 0.2437201217
0.0292232902 0.2394280499
0.0295947553 0.2394280499
0.0299731752 0.2378965667
0.0303490563 0.2325076054
0.0307209198 0.2263139596
0.0311019272 0.2263139596
0.0314864035 0.2263139596
0.0318760170 0.2205658655
0.0322644279 0.2205658655
0.0326573710 0.2162632014
0.0330484603 0.2162632014
0.0334435933 0.2125162973
0.0338392449 0.2088838665
0.0342337047 0.2050412864
0.0346300033 0.2029552369
0.0350294901 0.2013212796
0.0354316774 0.2013037810
0.0358410043 0.1993219750
0.0362464407 0.1948717949
0.0366600914 0.1948717949
0.0370737968 0.1902299100
0.0374864571 0.1902299100
0.0378992426 0.1808778792
0.0383210753 0.1807197497
0.0387447407 0.1807197497
0.0391672448 0.1779940900
0.0395933492 0.1735917942
0.0400275352 0.1691438505
0.0404632638 0.1672823678
0.0408972600 0.1672823678
0.0413357912 0.1667246175
0.0417718449 0.1667246175
0.0422163135 0.1593081870
0.0426657255 0.1546351428
0.0431157309 0.1546351428
0.0435707058 0.1514993481
0.0440295237 0.1480354659
0.0444950709 0.1480354659
0.0449586970 0.1461845993
0.0454221702 0.1421121252
0.0458947528 0.1382997218
0.0463710436 0.1364624076
0.0468617025 0.1330348994
0.0473541789 0.1330348994
0.0478469020 0.1304650152
0.0483480597 0.1293463143
0.0488501132 0.1258583225
0.0493560105 0.1236853542
0.0498748806 0.1189696636
0.0503940784 0.1189696636
0.0509143542 0.1189696636
0.0514353958 0.1175141243
0.0519617560 0.1129074316
0.0524955587 0.1113750942
0.0530346399 0.1113750942
0.0535833269 0.1113750942
0.0541347698 0.1034422809
0.0546865264 0.1034332899
0.0552505537 0.0989612760
0.0558272033 0.0989612760
0.0564045656 0.0967405476
0.0569837979 0.0913555565
0.0575701213 0.0913555565
0.0581643804 0.0900478053
0.0587680526 0.0884909597
0.0593842307 0.0876140808
0.0600088919 0.0846902706
0.0606397102 0.0846902706
0.0612808243 0.0846902706
0.0619384842 0.0771281219
0.0626039961 0.0771281219
0.0632794553 0.0771281219
0.0639635359 0.0722357441
0.0646620101 0.0711429813
0.0653727961 0.0711429813
0.0661012212 0.0704972184
0.0668414777 0.0703233658
0.0675886609 0.0651833826
0.0683597296 0.0618915160
0.0691420341 0.0590178183
0.0699434318 0.0586726933
0.0707627035 0.0586726933
0.0715925179 0.0563233377
0.0724483029 0.0521557719
0.0733191515 0.0502390265
0.0742210583 0.0489352455
0.0751322151 0.0474617524
0.0760738901 0.0461538462
0.0770633569 0.0434895984
0.0780789053 0.0434895984
0.0791206494 0.0434895984
0.0801968837 0.0392003477
0.0813000824 0.0383344924
0.0824442633 0.0382442416
0.0836375673 0.0326534160
0.0848773951 0.0326534160
0.0861921908 0.0326534160
0.0875491987 0.0294667304
0.0889699198 0.0294667304
0.0904688726 0.0274663190
0.0920516832 0.0252075275
0.0937336043 0.0252075275
0.0955208940 0.0222521622
0.0974329813 0.0222521622
0.0995204635 0.0208179408
0.1017922183 0.0208179408
0.1042873695 0.0190352021
0.1070988656 0.0154715341
0.1103004355 0.0146918195
0.1140076672 0.0128628542
0.1185542078 0.0123424598
0.1244003346 0.0101712597
0.1330567001 0.0085172953
0.1527981078 0.0050412864
