6.463281512260437012e-01
6.103299260139465332e-01
8.847249150276184082e-01
9.002574086189270020e-01
8.898574113845825195e-01
8.577867746353149414e-01
8.586092591285705566e-01
7.882367372512817383e-01
6.115034222602844238e-01
8.682675361633300781e-01
8.955480456352233887e-01
8.429828882217407227e-01
8.610297441482543945e-01
8.370145559310913086e-01
7.778266072273254395e-01
8.308692574501037598e-01
7.839775085449218750e-01
7.882976531982421875e-01
6.339022517204284668e-01
6.194760203361511230e-01
8.854826092720031738e-01
9.057645201683044434e-01
7.801400423049926758e-01
7.991012334823608398e-01
8.427453041076660156e-01
8.182097077369689941e-01
5.279409885406494141e-01
8.641642332077026367e-01
8.642014861106872559e-01
7.898182272911071777e-01
8.290796279907226562e-01
8.110197782516479492e-01
9.305363297462463379e-01
7.891401648521423340e-01
8.318441510200500488e-01
8.686762452125549316e-01
6.349147558212280273e-01
6.039730310440063477e-01
7.048616409301757812e-01
9.820291996002197266e-01
5.932087898254394531e-01
5.707077383995056152e-01
6.679592132568359375e-01
7.224480509757995605e-01
6.424649357795715332e-01
1.059324741363525391e+00
5.402737259864807129e-01
5.931962728500366211e-01
6.774970293045043945e-01
7.469338774681091309e-01
6.250748634338378906e-01
1.050814628601074219e+00
5.292146801948547363e-01
6.438863873481750488e-01
6.939888000488281250e-01
6.427257061004638672e-01
7.504262328147888184e-01
1.047286272048950195e+00
6.312453746795654297e-01
6.223815679550170898e-01
7.692341804504394531e-01
9.898896217346191406e-01
5.207725763320922852e-01
7.758649587631225586e-01
7.120879888534545898e-01
6.245207786560058594e-01
1.003981232643127441e+00
5.690634846687316895e-01
5.493983626365661621e-01
7.532812356948852539e-01
6.871895790100097656e-01
1.010842800140380859e+00
5.352077484130859375e-01
6.875239014625549316e-01
7.246011495590209961e-01
7.160012722015380859e-01
1.030258297920227051e+00
5.775809288024902344e-01
8.002247214317321777e-01
6.298930644989013672e-01
9.937839508056640625e-01
5.845811367034912109e-01
5.778683423995971680e-01
7.545789480209350586e-01
6.135845780372619629e-01
1.008176088333129883e+00
5.616765618324279785e-01
7.656066417694091797e-01
6.373405456542968750e-01
6.908196806907653809e-01
1.009638071060180664e+00
6.096764206886291504e-01
7.799068689346313477e-01
6.664577126502990723e-01
9.837550520896911621e-01
5.295988321304321289e-01
7.291158437728881836e-01
6.237895488739013672e-01
7.282944321632385254e-01
1.023344874382019043e+00
5.558618903160095215e-01
6.950266957283020020e-01
6.410857439041137695e-01
7.576121687889099121e-01
1.026757001876831055e+00
6.020461320877075195e-01
7.835721373558044434e-01
7.016993165016174316e-01
9.870967268943786621e-01
6.265358328819274902e-01
5.918242931365966797e-01
7.748354673385620117e-01
9.797176122665405273e-01
5.765952467918395996e-01
8.139171004295349121e-01
6.502211689949035645e-01
9.787017703056335449e-01
6.049427390098571777e-01
7.752436995506286621e-01
6.319028735160827637e-01
9.902407526969909668e-01
6.411321163177490234e-01
8.067977428436279297e-01
9.520148038864135742e-01
5.741669535636901855e-01
8.022314310073852539e-01
6.847623586654663086e-01
9.927726984024047852e-01
5.657621026039123535e-01
6.937376260757446289e-01
7.529866099357604980e-01
1.002294540405273438e+00
6.588919758796691895e-01
7.580236792564392090e-01
9.527621865272521973e-01
6.862251162528991699e-01
6.575098037719726562e-01
7.141582965850830078e-01
6.855152249336242676e-01
1.029294848442077637e+00
6.518480181694030762e-01
8.185111880302429199e-01
9.654338955879211426e-01
6.081137657165527344e-01
7.607630491256713867e-01
6.942445635795593262e-01
1.001805663108825684e+00
6.445335149765014648e-01
8.478466868400573730e-01
9.604665637016296387e-01
6.797518134117126465e-01
6.430622935295104980e-01
6.718119978904724121e-01
7.113932371139526367e-01
1.059723138809204102e+00
6.645836234092712402e-01
7.782646417617797852e-01
9.529018998146057129e-01
6.361243128776550293e-01
6.832647323608398438e-01
7.668560147285461426e-01
9.893066287040710449e-01
7.274127006530761719e-01
7.017400264739990234e-01
7.320609688758850098e-01
9.954974651336669922e-01
6.178783178329467773e-01
7.579918503761291504e-01
7.376868128776550293e-01
9.915837645530700684e-01
6.146452426910400391e-01
7.187955379486083984e-01
6.782239675521850586e-01
9.947002530097961426e-01
5.987411141395568848e-01
7.366351485252380371e-01
7.036574482917785645e-01
1.000540137290954590e+00
7.806226015090942383e-01
7.501447796821594238e-01
9.629670977592468262e-01
5.846221446990966797e-01
7.135536074638366699e-01
6.822714209556579590e-01
9.907351136207580566e-01
6.067501306533813477e-01
7.227765917778015137e-01
7.612543702125549316e-01
9.875204563140869141e-01
7.126588225364685059e-01
7.349382638931274414e-01
6.899927258491516113e-01
1.006113290786743164e+00
6.027191877365112305e-01
7.051979899406433105e-01
6.740925312042236328e-01
1.011949300765991211e+00
