5.707125663757324219e-01
5.476439595222473145e-01
8.276074528694152832e-01
8.638370633125305176e-01
8.444609045982360840e-01
8.066872358322143555e-01
8.051840662956237793e-01
7.209318280220031738e-01
5.606325268745422363e-01
8.620298504829406738e-01
8.468806147575378418e-01
7.638410925865173340e-01
8.232921361923217773e-01
7.682686448097229004e-01
7.821772694587707520e-01
7.789244055747985840e-01
6.828984618186950684e-01
7.591254115104675293e-01
5.671460628509521484e-01
5.419259667396545410e-01
8.252293467521667480e-01
8.780786395072937012e-01
7.982475161552429199e-01
7.903150320053100586e-01
7.834365963935852051e-01
7.645331025123596191e-01
4.801840186119079590e-01
8.177168369293212891e-01
8.325107097625732422e-01
7.437043786048889160e-01
7.740103602409362793e-01
7.358650565147399902e-01
8.216735720634460449e-01
7.904434204101562500e-01
7.948958873748779297e-01
8.181630373001098633e-01
6.663213968276977539e-01
6.548252105712890625e-01
7.505099177360534668e-01
9.620503187179565430e-01
6.202432513236999512e-01
5.806760787963867188e-01
7.184502482414245605e-01
7.819587588310241699e-01
6.820657849311828613e-01
1.021399617195129395e+00
5.382460355758666992e-01
6.212460994720458984e-01
7.060387134552001953e-01
7.881945967674255371e-01
6.432558894157409668e-01
1.022927641868591309e+00
5.429514646530151367e-01
6.726678609848022461e-01
7.336537837982177734e-01
6.829047203063964844e-01
7.989063262939453125e-01
1.002099275588989258e+00
6.305080652236938477e-01
6.375627517700195312e-01
8.427246212959289551e-01
9.812893867492675781e-01
5.359002351760864258e-01
8.161152005195617676e-01
7.475814223289489746e-01
6.416660547256469727e-01
9.794962406158447266e-01
6.044980883598327637e-01
5.876808762550354004e-01
8.150811195373535156e-01
7.245075106620788574e-01
9.885528087615966797e-01
5.330896973609924316e-01
7.094211578369140625e-01
7.831968665122985840e-01
7.462767362594604492e-01
1.007329344749450684e+00
5.678615570068359375e-01
8.734197616577148438e-01
6.917265653610229492e-01
9.778220057487487793e-01
6.030499339103698730e-01
5.672190785408020020e-01
8.267156481742858887e-01
6.280969381332397461e-01
9.903043508529663086e-01
5.710847377777099609e-01
8.206951022148132324e-01
6.655001044273376465e-01
7.400752305984497070e-01
9.838300347328186035e-01
6.510105729103088379e-01
8.489692807197570801e-01
7.196689844131469727e-01
9.669567346572875977e-01
5.399568676948547363e-01
7.888482213020324707e-01
6.586501598358154297e-01
7.710127830505371094e-01
1.007006764411926270e+00
5.607764720916748047e-01
7.361636161804199219e-01
6.735741496086120605e-01
8.210763335227966309e-01
1.000728130340576172e+00
5.990398526191711426e-01
8.492213487625122070e-01
7.385796904563903809e-01
9.694759249687194824e-01
6.486264467239379883e-01
6.207132339477539062e-01
8.513587117195129395e-01
9.600918292999267578e-01
6.135607957839965820e-01
8.771845102310180664e-01
6.759767532348632812e-01
9.613533616065979004e-01
5.977718234062194824e-01
8.076629638671875000e-01
6.439222693443298340e-01
9.786983728408813477e-01
6.701682806015014648e-01
8.619388937950134277e-01
9.311785697937011719e-01
5.992594957351684570e-01
8.693761825561523438e-01
7.087503075599670410e-01
9.831636548042297363e-01
5.797899365425109863e-01
7.300181984901428223e-01
7.905880808830261230e-01
9.800730943679809570e-01
6.996147632598876953e-01
8.209820389747619629e-01
9.367251992225646973e-01
7.292318344116210938e-01
6.897006034851074219e-01
7.944740653038024902e-01
7.268428802490234375e-01
1.001522064208984375e+00
6.701365113258361816e-01
8.879651427268981934e-01
9.384506344795227051e-01
6.189484596252441406e-01
8.270034790039062500e-01
7.337026000022888184e-01
9.714031219482421875e-01
6.673212647438049316e-01
9.129851460456848145e-01
9.469190835952758789e-01
6.864683628082275391e-01
6.652635931968688965e-01
6.722097396850585938e-01
7.454460859298706055e-01
1.023978710174560547e+00
6.569728255271911621e-01
8.396397829055786133e-01
9.245458245277404785e-01
6.313281059265136719e-01
7.468815445899963379e-01
8.222900629043579102e-01
9.759966135025024414e-01
7.784199118614196777e-01
7.373197078704833984e-01
7.731162309646606445e-01
9.799826741218566895e-01
5.899468660354614258e-01
8.191149234771728516e-01
7.873715758323669434e-01
9.734843373298645020e-01
6.516720056533813477e-01
7.608942985534667969e-01
7.457906603813171387e-01
9.721271395683288574e-01
6.049263477325439453e-01
7.997920513153076172e-01
7.691112160682678223e-01
9.767582416534423828e-01
8.294231891632080078e-01
8.014804124832153320e-01
9.444315433502197266e-01
6.235967874526977539e-01
7.685209512710571289e-01
7.447227835655212402e-01
9.658049941062927246e-01
6.456151604652404785e-01
7.549726963043212891e-01
8.126149773597717285e-01
9.734481573104858398e-01
7.647312879562377930e-01
7.927700281143188477e-01
7.532592415809631348e-01
9.784788489341735840e-01
6.420788764953613281e-01
7.536925077438354492e-01
7.199031710624694824e-01
9.794339537620544434e-01
