5.898853540420532227e-01
5.915494561195373535e-01
8.188589811325073242e-01
8.232730031013488770e-01
8.196845054626464844e-01
7.792091369628906250e-01
8.025639057159423828e-01
7.328060269355773926e-01
5.501437783241271973e-01
7.839791774749755859e-01
8.411921262741088867e-01
7.723256945610046387e-01
7.579578161239624023e-01
7.665580511093139648e-01
6.941996216773986816e-01
7.199137806892395020e-01
7.035201787948608398e-01
7.277386188507080078e-01
6.050180196762084961e-01
5.756187438964843750e-01
8.068613409996032715e-01
8.302528858184814453e-01
7.158049345016479492e-01
7.328284978866577148e-01
7.828172445297241211e-01
7.441986203193664551e-01
4.843812286853790283e-01
7.994042634963989258e-01
7.779992222785949707e-01
7.088800072669982910e-01
7.294120788574218750e-01
7.305039763450622559e-01
8.531745076179504395e-01
7.000214457511901855e-01
7.459690570831298828e-01
7.694135308265686035e-01
5.935707688331604004e-01
5.550152063369750977e-01
6.529244780540466309e-01
9.445089101791381836e-01
5.444900989532470703e-01
5.255827307701110840e-01
6.310547590255737305e-01
6.902559399604797363e-01
5.952741503715515137e-01
1.000035285949707031e+00
4.798125922679901123e-01
5.486559867858886719e-01
6.043694019317626953e-01
6.766363978385925293e-01
5.591892600059509277e-01
1.009446024894714355e+00
5.066872239112854004e-01
5.783352255821228027e-01
6.387186646461486816e-01
5.925337672233581543e-01
6.767206788063049316e-01
9.909597039222717285e-01
5.571314096450805664e-01
5.620504021644592285e-01
7.220411300659179688e-01
9.392358064651489258e-01
4.898877739906311035e-01
7.112745046615600586e-01
6.674326658248901367e-01
5.587094426155090332e-01
9.530478119850158691e-01
5.270512104034423828e-01
5.229671597480773926e-01
6.879590749740600586e-01
6.207957863807678223e-01
9.579238891601562500e-01
5.332018733024597168e-01
6.204785108566284180e-01
6.692479252815246582e-01
6.492634415626525879e-01
9.784501791000366211e-01
5.054886937141418457e-01
7.328724861145019531e-01
5.933102369308471680e-01
9.450126886367797852e-01
5.530036091804504395e-01
5.049759149551391602e-01
7.174240946769714355e-01
5.697000026702880859e-01
9.578124880790710449e-01
5.244576930999755859e-01
7.066721320152282715e-01
5.774876475334167480e-01
6.268056631088256836e-01
9.576040506362915039e-01
5.633679628372192383e-01
7.011047005653381348e-01
6.164184212684631348e-01
9.362358450889587402e-01
5.055662393569946289e-01
6.774652004241943359e-01
5.830137133598327637e-01
6.562997698783874512e-01
9.604080915451049805e-01
4.998575448989868164e-01
6.445975899696350098e-01
6.085687279701232910e-01
6.921978592872619629e-01
9.656343460083007812e-01
5.725885033607482910e-01
7.346433401107788086e-01
6.564322113990783691e-01
9.445468187332153320e-01
5.816033482551574707e-01
5.691251754760742188e-01
7.162564992904663086e-01
9.463119506835937500e-01
5.317240953445434570e-01
7.551868557929992676e-01
5.961808562278747559e-01
9.280222058296203613e-01
5.625840425491333008e-01
7.257509827613830566e-01
5.798542499542236328e-01
9.544905424118041992e-01
6.216286420822143555e-01
7.407423853874206543e-01
9.147080779075622559e-01
5.655787587165832520e-01
7.505223751068115234e-01
6.412217020988464355e-01
9.512152075767517090e-01
5.343074798583984375e-01
6.417676806449890137e-01
6.936601400375366211e-01
9.571822285652160645e-01
6.343788504600524902e-01
7.137699723243713379e-01
9.223412275314331055e-01
6.354073882102966309e-01
6.162143945693969727e-01
6.814288496971130371e-01
6.352307796478271484e-01
9.678400158882141113e-01
6.312716007232666016e-01
7.616218328475952148e-01
9.245219826698303223e-01
5.488772392272949219e-01
6.986916661262512207e-01
6.515709757804870605e-01
9.484509825706481934e-01
5.866377353668212891e-01
7.796980142593383789e-01
9.291669130325317383e-01
6.343957185745239258e-01
5.829238295555114746e-01
5.984258651733398438e-01
6.490764021873474121e-01
9.854273796081542969e-01
6.260564327239990234e-01
7.179942131042480469e-01
9.181089997291564941e-01
5.840180516242980957e-01
6.242266893386840820e-01
7.170587182044982910e-01
9.523349404335021973e-01
6.544253230094909668e-01
6.519646644592285156e-01
6.839390397071838379e-01
9.527813792228698730e-01
5.536131858825683594e-01
7.050348520278930664e-01
6.856028437614440918e-01
9.446169137954711914e-01
5.553013086318969727e-01
6.484677195549011230e-01
6.303122639656066895e-01
9.488721489906311035e-01
5.612311363220214844e-01
6.970701217651367188e-01
6.688921451568603516e-01
9.460449814796447754e-01
7.402285337448120117e-01
7.127264738082885742e-01
9.273770451545715332e-01
5.485674738883972168e-01
6.594194173812866211e-01
6.448112130165100098e-01
9.531241059303283691e-01
5.502919554710388184e-01
6.580283045768737793e-01
7.097238898277282715e-01
9.414929151535034180e-01
6.542153954505920410e-01
6.896879076957702637e-01
6.538937091827392578e-01
9.503220915794372559e-01
5.726514458656311035e-01
6.583192944526672363e-01
6.227638721466064453e-01
9.635336399078369141e-01
