5.521855354309082031e-01
5.108425617218017578e-01
7.634478807449340820e-01
7.750110626220703125e-01
7.601348161697387695e-01
7.287887334823608398e-01
7.403886914253234863e-01
7.024253010749816895e-01
5.053817033767700195e-01
7.114052176475524902e-01
7.468547224998474121e-01
7.076967954635620117e-01
6.911397576332092285e-01
6.976447105407714844e-01
6.316180825233459473e-01
6.438583135604858398e-01
6.743515133857727051e-01
6.564832925796508789e-01
5.559805631637573242e-01
5.220459699630737305e-01
7.480110526084899902e-01
7.683400511741638184e-01
6.622946858406066895e-01
6.729754805564880371e-01
7.337034940719604492e-01
7.104386687278747559e-01
4.326388239860534668e-01
7.044149637222290039e-01
7.325524091720581055e-01
6.242880821228027344e-01
6.309131383895874023e-01
6.757245063781738281e-01
7.804858684539794922e-01
6.207196116447448730e-01
6.729707121849060059e-01
7.088654637336730957e-01
5.823601484298706055e-01
5.464696288108825684e-01
6.329199075698852539e-01
9.437305927276611328e-01
5.445876717567443848e-01
5.109951496124267578e-01
6.117103099822998047e-01
6.371627449989318848e-01
5.693425536155700684e-01
9.763214588165283203e-01
4.617168009281158447e-01
5.107971429824829102e-01
5.781567096710205078e-01
6.509068012237548828e-01
5.523138046264648438e-01
9.396253824234008789e-01
4.607501029968261719e-01
5.671479105949401855e-01
6.089699864387512207e-01
5.613110065460205078e-01
6.492476463317871094e-01
9.617233872413635254e-01
5.431783795356750488e-01
5.308365821838378906e-01
6.985881924629211426e-01
9.219521880149841309e-01
4.608260095119476318e-01
6.886727809906005859e-01
6.364403367042541504e-01
5.277314782142639160e-01
8.937990069389343262e-01
5.350767970085144043e-01
5.112948417663574219e-01
6.833333969116210938e-01
5.991172790527343750e-01
9.151201248168945312e-01
4.761403501033782959e-01
6.068361401557922363e-01
6.415309309959411621e-01
6.168066859245300293e-01
9.304876327514648438e-01
4.801538288593292236e-01
7.264465093612670898e-01
5.869718194007873535e-01
9.161686897277832031e-01
5.231698751449584961e-01
4.897170364856719971e-01
6.695311665534973145e-01
5.361689329147338867e-01
9.034345149993896484e-01
4.924641847610473633e-01
6.800016164779663086e-01
5.553363561630249023e-01
6.255562901496887207e-01
9.073575139045715332e-01
5.477014183998107910e-01
6.850475668907165527e-01
6.218690276145935059e-01
9.072703719139099121e-01
4.547500014305114746e-01
6.591423749923706055e-01
5.536043643951416016e-01
6.326531767845153809e-01
9.242306947708129883e-01
4.908726513385772705e-01
6.215765476226806641e-01
5.887480378150939941e-01
6.880393028259277344e-01
9.491779208183288574e-01
5.307829380035400391e-01
7.024807929992675781e-01
6.272395253181457520e-01
9.050421118736267090e-01
5.631398558616638184e-01
5.281720757484436035e-01
6.957309246063232422e-01
9.117875099182128906e-01
5.314158797264099121e-01
7.253470420837402344e-01
5.780068039894104004e-01
8.998132944107055664e-01
5.508132576942443848e-01
6.766098737716674805e-01
5.514656305313110352e-01
9.019068479537963867e-01
5.953696966171264648e-01
7.056518793106079102e-01
9.069809913635253906e-01
5.478201508522033691e-01
7.310208082199096680e-01
5.982792973518371582e-01
9.017318487167358398e-01
5.397255420684814453e-01
6.041845679283142090e-01
6.690353155136108398e-01
9.136256575584411621e-01
6.033310890197753906e-01
6.896004080772399902e-01
9.101288914680480957e-01
6.050577759742736816e-01
5.812222957611083984e-01
6.389067769050598145e-01
6.080181598663330078e-01
9.216740727424621582e-01
6.024703383445739746e-01
7.559772729873657227e-01
8.941913247108459473e-01
5.302155017852783203e-01
6.838434934616088867e-01
6.283658742904663086e-01
9.262908101081848145e-01
5.923777222633361816e-01
7.666598558425903320e-01
8.896013498306274414e-01
5.974516272544860840e-01
5.548663139343261719e-01
5.637807846069335938e-01
6.116919517517089844e-01
9.329553246498107910e-01
6.089150309562683105e-01
7.035747766494750977e-01
9.025652408599853516e-01
5.727460980415344238e-01
6.298199892044067383e-01
6.964983940124511719e-01
9.280400872230529785e-01
6.444239616394042969e-01
6.186757087707519531e-01
6.448307037353515625e-01
9.129416346549987793e-01
5.311511158943176270e-01
6.901144385337829590e-01
6.638554334640502930e-01
9.142016172409057617e-01
5.386239290237426758e-01
6.346946954727172852e-01
6.130572557449340820e-01
9.414362907409667969e-01
5.352960824966430664e-01
6.574920415878295898e-01
6.597704887390136719e-01
9.196997880935668945e-01
6.956897974014282227e-01
6.902642250061035156e-01
9.033896923065185547e-01
5.449301004409790039e-01
6.390087604522705078e-01
6.090862154960632324e-01
9.489030838012695312e-01
5.358690023422241211e-01
6.508771181106567383e-01
6.608201265335083008e-01
9.152393937110900879e-01
6.307796239852905273e-01
6.701902151107788086e-01
6.158798933029174805e-01
9.098751544952392578e-01
5.435305237770080566e-01
6.342013478279113770e-01
6.086298823356628418e-01
9.450601935386657715e-01
