6.427973508834838867e-01
6.139422655105590820e-01
8.917346000671386719e-01
9.075000286102294922e-01
8.933010101318359375e-01
8.498002290725708008e-01
8.494439125061035156e-01
7.744129896163940430e-01
5.793220400810241699e-01
8.943048119544982910e-01
8.969632387161254883e-01
8.195465207099914551e-01
8.585243225097656250e-01
8.094965815544128418e-01
7.885632514953613281e-01
8.342877626419067383e-01
7.497203350067138672e-01
7.964017391204833984e-01
6.276350617408752441e-01
5.895546078681945801e-01
8.774440884590148926e-01
9.199024438858032227e-01
8.031129240989685059e-01
8.003147840499877930e-01
8.236903548240661621e-01
8.115041851997375488e-01
5.396127104759216309e-01
8.870981931686401367e-01
8.740137815475463867e-01
8.043460249900817871e-01
8.276214003562927246e-01
8.026434183120727539e-01
8.938777446746826172e-01
8.083248734474182129e-01
8.399831652641296387e-01
8.749082088470458984e-01
6.488574743270874023e-01
6.038874983787536621e-01
7.246369719505310059e-01
9.906749725341796875e-01
6.034278273582458496e-01
5.727308988571166992e-01
7.081626057624816895e-01
7.378467917442321777e-01
6.584668755531311035e-01
1.049409151077270508e+00
5.307667851448059082e-01
6.213212013244628906e-01
6.965386271476745605e-01
7.460373640060424805e-01
6.348639130592346191e-01
1.063076734542846680e+00
5.488410592079162598e-01
6.484948992729187012e-01
7.057717442512512207e-01
6.414259076118469238e-01
7.451657056808471680e-01
1.047309994697570801e+00
6.182469129562377930e-01
6.152427196502685547e-01
7.876043915748596191e-01
9.927492737770080566e-01
5.281729698181152344e-01
7.826746702194213867e-01
7.318129539489746094e-01
6.010406613349914551e-01
1.005517959594726562e+00
5.703741312026977539e-01
5.856356024742126465e-01
7.749522328376770020e-01
6.761280298233032227e-01
1.015440940856933594e+00
5.342428684234619141e-01
6.860226988792419434e-01
7.520708441734313965e-01
7.142653465270996094e-01
1.047775268554687500e+00
5.674864053726196289e-01
8.091260790824890137e-01
6.546516418457031250e-01
1.004102230072021484e+00
5.899688005447387695e-01
5.510066747665405273e-01
7.865332365036010742e-01
6.289790272712707520e-01
1.008476376533508301e+00
5.618846416473388672e-01
7.731106877326965332e-01
6.358034014701843262e-01
7.107436656951904297e-01
1.012235641479492188e+00
6.112419962882995605e-01
7.887920141220092773e-01
6.786485910415649414e-01
9.920241236686706543e-01
5.530095696449279785e-01
7.629529833793640137e-01
6.225755810737609863e-01
7.254626154899597168e-01
1.032501220703125000e+00
5.638905167579650879e-01
6.945170164108276367e-01
6.551718115806579590e-01
7.765021324157714844e-01
1.036312103271484375e+00
5.860637426376342773e-01
7.938554883003234863e-01
7.250379920005798340e-01
9.871975183486938477e-01
6.144064068794250488e-01
5.990644693374633789e-01
7.956351637840270996e-01
9.862247109413146973e-01
5.852840542793273926e-01
8.296398520469665527e-01
6.593900918960571289e-01
9.680395722389221191e-01
5.933167338371276855e-01
7.805104851722717285e-01
6.328349113464355469e-01
1.001376628875732422e+00
6.624262928962707520e-01
8.041529059410095215e-01
9.547380208969116211e-01
5.756651163101196289e-01
8.133265376091003418e-01
7.059719562530517578e-01
1.005494117736816406e+00
5.900161266326904297e-01
7.149732708930969238e-01
7.649573683738708496e-01
1.008303403854370117e+00
6.742404699325561523e-01
7.933837771415710449e-01
9.529788494110107422e-01
7.014605998992919922e-01
6.779738068580627441e-01
7.383048534393310547e-01
7.052054405212402344e-01
1.038918614387512207e+00
6.714554429054260254e-01
8.398879766464233398e-01
9.625930786132812500e-01
5.945280194282531738e-01
7.794232964515686035e-01
7.091715335845947266e-01
9.982998967170715332e-01
6.612570285797119141e-01
8.678200244903564453e-01
9.489972591400146484e-01
6.806755065917968750e-01
6.650390028953552246e-01
6.633576154708862305e-01
7.274887561798095703e-01
1.058577656745910645e+00
6.694381237030029297e-01
7.888777256011962891e-01
9.585377573966979980e-01
6.474256515502929688e-01
6.837814450263977051e-01
7.759132385253906250e-01
1.000744223594665527e+00
7.405075430870056152e-01
7.198105454444885254e-01
7.495899796485900879e-01
9.995740056037902832e-01
5.919785499572753906e-01
7.704272270202636719e-01
7.512400150299072266e-01
9.967208504676818848e-01
6.322302818298339844e-01
7.113121747970581055e-01
6.943422555923461914e-01
9.933245778083801270e-01
6.011009216308593750e-01
7.602359056472778320e-01
7.262347340583801270e-01
9.991313219070434570e-01
7.771881222724914551e-01
7.669504284858703613e-01
9.732162952423095703e-01
5.935692787170410156e-01
7.219842672348022461e-01
6.847811341285705566e-01
9.962724447250366211e-01
6.017398834228515625e-01
7.366223931312561035e-01
7.564970254898071289e-01
9.976297020912170410e-01
7.220401763916015625e-01
7.469518184661865234e-01
7.227271795272827148e-01
1.012533187866210938e+00
5.978926420211791992e-01
7.276614308357238770e-01
6.916035413742065430e-01
1.008805036544799805e+00
