6.068127751350402832e-01
5.525714159011840820e-01
8.166598081588745117e-01
8.031178116798400879e-01
7.969068884849548340e-01
7.695373892784118652e-01
7.789137363433837891e-01
7.352632284164428711e-01
5.584173798561096191e-01
7.444783449172973633e-01
8.013278841972351074e-01
7.522674202919006348e-01
7.257422208786010742e-01
7.508075237274169922e-01
6.713174581527709961e-01
6.986728310585021973e-01
6.834042668342590332e-01
6.964138150215148926e-01
5.785397291183471680e-01
5.623535513877868652e-01
7.860434651374816895e-01
8.028645515441894531e-01
6.922940015792846680e-01
7.248170375823974609e-01
7.642370462417602539e-01
7.381697893142700195e-01
4.711140096187591553e-01
7.921500205993652344e-01
7.570956349372863770e-01
6.905012726783752441e-01
7.083436250686645508e-01
7.074333429336547852e-01
8.164193034172058105e-01
6.798914074897766113e-01
7.189351916313171387e-01
7.613536715507507324e-01
5.901181101799011230e-01
5.673871040344238281e-01
6.541105508804321289e-01
9.493936300277709961e-01
5.424494743347167969e-01
5.268990397453308105e-01
6.250286102294921875e-01
6.736975908279418945e-01
5.745959281921386719e-01
9.985480904579162598e-01
4.975644052028656006e-01
5.589935779571533203e-01
6.157579421997070312e-01
6.708116531372070312e-01
5.623638629913330078e-01
9.814003705978393555e-01
5.040912032127380371e-01
5.816372036933898926e-01
6.536377668380737305e-01
5.872947573661804199e-01
6.810185909271240234e-01
9.773014187812805176e-01
5.753759145736694336e-01
5.725017189979553223e-01
6.988356709480285645e-01
9.416183233261108398e-01
4.909886717796325684e-01
6.973499655723571777e-01
6.470998525619506836e-01
5.668652653694152832e-01
9.356100559234619141e-01
5.225278139114379883e-01
5.004771351814270020e-01
6.921681165695190430e-01
6.065900921821594238e-01
9.396356940269470215e-01
4.855687320232391357e-01
6.068257093429565430e-01
6.679284572601318359e-01
6.301417946815490723e-01
9.726443290710449219e-01
4.916065335273742676e-01
7.395761013031005859e-01
5.875419378280639648e-01
9.298186302185058594e-01
5.167020559310913086e-01
5.185521245002746582e-01
7.002511620521545410e-01
5.399025678634643555e-01
9.325065016746520996e-01
5.131872296333312988e-01
7.028964757919311523e-01
5.857726931571960449e-01
6.267551183700561523e-01
9.414464235305786133e-01
5.468067526817321777e-01
7.156741023063659668e-01
6.161640286445617676e-01
9.448016285896301270e-01
4.638252854347229004e-01
6.619783639907836914e-01
5.543395280838012695e-01
6.465036869049072266e-01
9.554284214973449707e-01
5.068871378898620605e-01
6.499164104461669922e-01
5.874866843223571777e-01
6.955233812332153320e-01
9.786515831947326660e-01
5.361419916152954102e-01
7.038072943687438965e-01
6.477864980697631836e-01
9.300072789192199707e-01
5.786236524581909180e-01
5.532437562942504883e-01
7.161669135093688965e-01
9.383744001388549805e-01
5.191237926483154297e-01
7.472439408302307129e-01
5.917947888374328613e-01
9.166444540023803711e-01
5.555460453033447266e-01
7.070173025131225586e-01
5.854511260986328125e-01
9.247828125953674316e-01
5.952107906341552734e-01
7.348881363868713379e-01
9.195294380187988281e-01
5.292925238609313965e-01
7.317817211151123047e-01
6.214267611503601074e-01
9.382115006446838379e-01
5.363230705261230469e-01
6.343151330947875977e-01
6.860530376434326172e-01
9.490240812301635742e-01
6.276089549064636230e-01
7.065320611000061035e-01
9.263898730278015137e-01
6.239038109779357910e-01
5.947735905647277832e-01
6.623134016990661621e-01
6.216826438903808594e-01
9.556873440742492676e-01
6.105487346649169922e-01
7.634372115135192871e-01
9.127592444419860840e-01
5.632687807083129883e-01
6.936203837394714355e-01
6.358065605163574219e-01
9.579193592071533203e-01
6.108300089836120605e-01
7.897530198097229004e-01
9.054019451141357422e-01
6.024274826049804688e-01
5.722765326499938965e-01
5.800767540931701660e-01
6.540374755859375000e-01
9.777439832687377930e-01
6.120994091033935547e-01
7.201469540596008301e-01
9.064297080039978027e-01
5.668724775314331055e-01
6.237859725952148438e-01
6.844242215156555176e-01
9.560225605964660645e-01
6.855552196502685547e-01
6.545780301094055176e-01
6.633813977241516113e-01
9.451786875724792480e-01
5.709102749824523926e-01
6.829987168312072754e-01
6.890190243721008301e-01
9.373912811279296875e-01
5.479969978332519531e-01
6.425009965896606445e-01
6.313630938529968262e-01
9.657911658287048340e-01
5.379756689071655273e-01
6.615453362464904785e-01
6.431328654289245605e-01
9.566125869750976562e-01
7.172800898551940918e-01
7.178422808647155762e-01
9.193407297134399414e-01
5.585858225822448730e-01
6.505095958709716797e-01
6.467759609222412109e-01
9.616145491600036621e-01
5.301425457000732422e-01
6.692085862159729004e-01
6.917811632156372070e-01
9.338712096214294434e-01
6.533753871917724609e-01
6.757750511169433594e-01
6.396191120147705078e-01
9.435327053070068359e-01
5.566649436950683594e-01
6.475030183792114258e-01
6.263906359672546387e-01
9.662653207778930664e-01
