6.174325346946716309e-01
5.824983716011047363e-01
8.666685223579406738e-01
8.895797133445739746e-01
8.862881064414978027e-01
8.434098958969116211e-01
8.350335955619812012e-01
7.621337771415710449e-01
5.855361819267272949e-01
8.904155492782592773e-01
9.001863002777099609e-01
8.144830465316772461e-01
8.672558069229125977e-01
8.127000331878662109e-01
7.908808588981628418e-01
8.131157159805297852e-01
7.286784648895263672e-01
7.832063436508178711e-01
6.253826618194580078e-01
6.016776561737060547e-01
8.565371632575988770e-01
9.115946888923645020e-01
8.106457591056823730e-01
7.938091754913330078e-01
8.114273548126220703e-01
7.930869460105895996e-01
5.281073451042175293e-01
8.585811257362365723e-01
8.696700930595397949e-01
7.901658415794372559e-01
8.075582385063171387e-01
7.906084060668945312e-01
8.880997896194458008e-01
8.163672685623168945e-01
8.331234455108642578e-01
8.661528825759887695e-01
6.464263796806335449e-01
6.406792998313903809e-01
7.170217037200927734e-01
9.807733893394470215e-01
5.801976323127746582e-01
5.541198253631591797e-01
7.079492807388305664e-01
7.455950379371643066e-01
6.660850048065185547e-01
1.051496863365173340e+00
5.476665496826171875e-01
6.197178959846496582e-01
6.932386159896850586e-01
7.631819844245910645e-01
6.327942609786987305e-01
1.063086390495300293e+00
5.561746954917907715e-01
6.505367755889892578e-01
7.094313502311706543e-01
6.573657393455505371e-01
7.573574781417846680e-01
1.042915463447570801e+00
6.392863392829895020e-01
5.979648828506469727e-01
8.033448457717895508e-01
9.912851452827453613e-01
5.285655856132507324e-01
7.991027235984802246e-01
7.224858999252319336e-01
6.217764616012573242e-01
9.960607886314392090e-01
5.801492929458618164e-01
5.608040690422058105e-01
7.803683280944824219e-01
6.873006820678710938e-01
1.015782594680786133e+00
5.415584444999694824e-01
6.868054866790771484e-01
7.570483088493347168e-01
6.969329714775085449e-01
1.039181113243103027e+00
5.623070597648620605e-01
8.335360884666442871e-01
6.725093722343444824e-01
9.934900999069213867e-01
5.685772299766540527e-01
5.713165998458862305e-01
8.024213910102844238e-01
6.199939250946044922e-01
1.000337600708007812e+00
5.572288036346435547e-01
7.807891964912414551e-01
6.477113962173461914e-01
7.303096652030944824e-01
1.008745551109313965e+00
6.227741837501525879e-01
7.972218990325927734e-01
6.831306815147399902e-01
9.768549799919128418e-01
5.432862639427185059e-01
7.609782218933105469e-01
6.380466222763061523e-01
7.448406219482421875e-01
1.027456283569335938e+00
5.564377307891845703e-01
6.896815299987792969e-01
6.419845223426818848e-01
7.975665926933288574e-01
1.018491983413696289e+00
5.963925123214721680e-01
7.983059287071228027e-01
7.209787368774414062e-01
9.944070577621459961e-01
6.127855777740478516e-01
5.933408141136169434e-01
8.139341473579406738e-01
9.706782698631286621e-01
5.768497586250305176e-01
8.487017750740051270e-01
6.515863537788391113e-01
9.667062759399414062e-01
6.222301721572875977e-01
8.041847348213195801e-01
6.437719464302062988e-01
9.871804714202880859e-01
6.660888195037841797e-01
8.248655200004577637e-01
9.501442909240722656e-01
6.032224893569946289e-01
8.219228386878967285e-01
6.997783780097961426e-01
9.972916245460510254e-01
5.948920845985412598e-01
7.168133854866027832e-01
7.809880375862121582e-01
1.003728866577148438e+00
6.935234069824218750e-01
7.901949882507324219e-01
9.391606450080871582e-01
7.209593653678894043e-01
6.873862743377685547e-01
7.381827235221862793e-01
7.091090083122253418e-01
1.039043426513671875e+00
6.757642626762390137e-01
8.574106097221374512e-01
9.577550292015075684e-01
6.006245613098144531e-01
7.825731039047241211e-01
7.126243710517883301e-01
9.940183758735656738e-01
6.591129302978515625e-01
8.698631525039672852e-01
9.558161497116088867e-01
6.917085051536560059e-01
6.374201178550720215e-01
6.619185805320739746e-01
7.230539321899414062e-01
1.051072001457214355e+00
6.553153991699218750e-01
8.134298324584960938e-01
9.428985714912414551e-01
6.237428188323974609e-01
6.944280862808227539e-01
7.797546982765197754e-01
9.915618300437927246e-01
7.371072769165039062e-01
7.231543660163879395e-01
7.449356317520141602e-01
9.994530081748962402e-01
5.873923897743225098e-01
7.676213383674621582e-01
7.473302483558654785e-01
9.899942874908447266e-01
6.097756624221801758e-01
7.361388802528381348e-01
7.147639393806457520e-01
9.947359561920166016e-01
6.025488376617431641e-01
7.737277746200561523e-01
7.393781542778015137e-01
9.993796348571777344e-01
8.142850995063781738e-01
7.718398571014404297e-01
9.584488272666931152e-01
6.133260130882263184e-01
7.288501858711242676e-01
7.025227546691894531e-01
9.822337627410888672e-01
6.127213835716247559e-01
7.381809353828430176e-01
7.671954035758972168e-01
9.919918775558471680e-01
7.363355755805969238e-01
7.596647143363952637e-01
7.135065197944641113e-01
9.978212118148803711e-01
6.099202036857604980e-01
7.317684292793273926e-01
6.958814859390258789e-01
9.970779418945312500e-01
