5.518952608108520508e-01
5.407699942588806152e-01
7.875695824623107910e-01
7.683501243591308594e-01
7.548744082450866699e-01
7.458850145339965820e-01
7.323043942451477051e-01
6.873890757560729980e-01
4.935854375362396240e-01
7.052088975906372070e-01
7.550773620605468750e-01
7.128161191940307617e-01
6.988263726234436035e-01
7.033317089080810547e-01
6.423770189285278320e-01
6.693208217620849609e-01
6.546781063079833984e-01
6.404515504837036133e-01
5.261736512184143066e-01
5.430484414100646973e-01
7.569245696067810059e-01
7.591661810874938965e-01
6.470448970794677734e-01
6.908767819404602051e-01
7.239695191383361816e-01
7.117147445678710938e-01
4.550728797912597656e-01
7.262169718742370605e-01
7.109770774841308594e-01
6.226488947868347168e-01
6.522210240364074707e-01
6.909615397453308105e-01
7.715034484863281250e-01
6.507491469383239746e-01
6.860471963882446289e-01
7.393099069595336914e-01
5.624032020568847656e-01
5.585271716117858887e-01
6.299304366111755371e-01
9.206998944282531738e-01
5.243553519248962402e-01
4.708198606967926025e-01
5.973116159439086914e-01
6.488620042800903320e-01
5.660060644149780273e-01
9.541614651679992676e-01
5.053499341011047363e-01
5.410847663879394531e-01
5.908958911895751953e-01
6.409800648689270020e-01
5.419991016387939453e-01
9.510392546653747559e-01
4.867953360080718994e-01
5.564647316932678223e-01
6.118283867835998535e-01
5.670465826988220215e-01
6.486739516258239746e-01
9.534941911697387695e-01
5.545512437820434570e-01
5.682841539382934570e-01
6.908675432205200195e-01
9.221718311309814453e-01
4.881580770015716553e-01
6.814832091331481934e-01
6.199790835380554199e-01
5.312826633453369141e-01
9.005486965179443359e-01
5.295639634132385254e-01
4.996169507503509521e-01
6.681985259056091309e-01
5.764527320861816406e-01
9.136554598808288574e-01
4.707010984420776367e-01
5.955988168716430664e-01
6.354094743728637695e-01
6.138126254081726074e-01
9.290930032730102539e-01
4.945053756237030029e-01
7.275177240371704102e-01
5.849934816360473633e-01
9.028303027153015137e-01
5.163289308547973633e-01
5.165696144104003906e-01
6.640328168869018555e-01
5.226037502288818359e-01
9.128732085227966309e-01
4.797277152538299561e-01
6.813086867332458496e-01
5.620322227478027344e-01
6.271705031394958496e-01
9.189083576202392578e-01
5.537356138229370117e-01
6.912196874618530273e-01
6.031538844108581543e-01
9.128198623657226562e-01
4.887807965278625488e-01
6.539821028709411621e-01
5.486092567443847656e-01
6.253847479820251465e-01
9.305371642112731934e-01
5.046612024307250977e-01
6.095628738403320312e-01
5.661510825157165527e-01
6.862758398056030273e-01
9.499284625053405762e-01
5.329580903053283691e-01
6.992518305778503418e-01
6.354988813400268555e-01
9.052713513374328613e-01
5.573638677597045898e-01
5.415472984313964844e-01
6.944102048873901367e-01
9.180728197097778320e-01
5.163728594779968262e-01
7.275702357292175293e-01
5.634282827377319336e-01
8.909136056900024414e-01
5.462396144866943359e-01
6.638732552528381348e-01
5.499926209449768066e-01
9.067929387092590332e-01
6.062273383140563965e-01
7.108534574508666992e-01
9.002954363822937012e-01
5.312945246696472168e-01
7.096683979034423828e-01
6.082026362419128418e-01
8.985363245010375977e-01
5.277354717254638672e-01
6.225694417953491211e-01
6.641064882278442383e-01
9.300596117973327637e-01
6.153024435043334961e-01
6.981579065322875977e-01
8.989816308021545410e-01
5.997130870819091797e-01
5.850853323936462402e-01
6.305370926856994629e-01
6.095193624496459961e-01
9.258991479873657227e-01
6.035084128379821777e-01
7.454504370689392090e-01
8.932523131370544434e-01
5.429410934448242188e-01
6.706086397171020508e-01
6.244338750839233398e-01
9.252045154571533203e-01
5.876705646514892578e-01
7.683672308921813965e-01
8.928392529487609863e-01
5.776367187500000000e-01
5.564962625503540039e-01
5.684287548065185547e-01
6.275091767311096191e-01
9.443901777267456055e-01
5.939058661460876465e-01
7.012785673141479492e-01
9.001149535179138184e-01
5.629408955574035645e-01
6.289371848106384277e-01
6.914607882499694824e-01
9.249313473701477051e-01
6.383508443832397461e-01
6.252440810203552246e-01
6.434920430183410645e-01
9.222710132598876953e-01
5.369929075241088867e-01
6.804865002632141113e-01
6.694116592407226562e-01
9.151353240013122559e-01
5.237320065498352051e-01
6.290720105171203613e-01
5.998156070709228516e-01
9.309136867523193359e-01
5.236772298812866211e-01
6.686714887619018555e-01
6.432831287384033203e-01
9.125187993049621582e-01
7.263992428779602051e-01
6.790399551391601562e-01
8.951966762542724609e-01
5.177333354949951172e-01
6.396011114120483398e-01
6.134287118911743164e-01
9.366863965988159180e-01
5.156354308128356934e-01
6.435979604721069336e-01
6.728430986404418945e-01
9.207079410552978516e-01
6.274220347404479980e-01
6.669824123382568359e-01
6.295323967933654785e-01
9.153963923454284668e-01
5.324565172195434570e-01
6.294154524803161621e-01
6.066350340843200684e-01
9.361005425453186035e-01
