6.460737586021423340e-01
5.967397689819335938e-01
8.423737883567810059e-01
8.839786648750305176e-01
8.546027541160583496e-01
8.298190832138061523e-01
8.329210877418518066e-01
7.679376006126403809e-01
6.081269383430480957e-01
8.368593454360961914e-01
8.782273530960083008e-01
8.294498324394226074e-01
8.234495520591735840e-01
8.264841437339782715e-01
7.549489736557006836e-01
7.827563285827636719e-01
7.668001055717468262e-01
7.756103873252868652e-01
6.386804580688476562e-01
5.984165072441101074e-01
8.609651923179626465e-01
8.718845248222351074e-01
7.525057196617126465e-01
7.657076716423034668e-01
8.237360715866088867e-01
8.074703216552734375e-01
5.307539701461791992e-01
8.562546372413635254e-01
8.457058668136596680e-01
7.729838490486145020e-01
7.933322191238403320e-01
7.836107015609741211e-01
8.901676535606384277e-01
7.581778764724731445e-01
7.942613363265991211e-01
8.558880090713500977e-01
6.236317157745361328e-01
6.106392145156860352e-01
6.880009770393371582e-01
9.768924713134765625e-01
5.762927532196044922e-01
5.572459101676940918e-01
6.660916805267333984e-01
7.068980336189270020e-01
6.418636441230773926e-01
1.049777626991271973e+00
5.186513066291809082e-01
5.966076850891113281e-01
6.771008968353271484e-01
7.183847427368164062e-01
6.015991568565368652e-01
1.045557737350463867e+00
5.493572354316711426e-01
6.203188896179199219e-01
6.711800098419189453e-01
6.233330368995666504e-01
7.244951128959655762e-01
1.036662578582763672e+00
6.129824519157409668e-01
6.072223782539367676e-01
7.530659437179565430e-01
9.764835238456726074e-01
5.130954384803771973e-01
7.551622390747070312e-01
6.880525946617126465e-01
6.027784347534179688e-01
9.909885525703430176e-01
5.512312054634094238e-01
5.663044452667236328e-01
7.412979602813720703e-01
6.591944098472595215e-01
1.001214981079101562e+00
5.218273997306823730e-01
6.669999957084655762e-01
7.054157257080078125e-01
6.799147129058837891e-01
1.023437261581420898e+00
5.553933978080749512e-01
7.870231866836547852e-01
6.352042555809020996e-01
9.839978814125061035e-01
5.908573865890502930e-01
5.333815813064575195e-01
7.498902082443237305e-01
5.992332100868225098e-01
9.868422150611877441e-01
5.541076660156250000e-01
7.442191243171691895e-01
6.135299801826477051e-01
6.953574419021606445e-01
9.978842735290527344e-01
5.939297080039978027e-01
7.483155131340026855e-01
6.612051725387573242e-01
9.698782563209533691e-01
5.474969148635864258e-01
7.157434225082397461e-01
6.030791401863098145e-01
7.043372988700866699e-01
1.013936519622802734e+00
5.420172810554504395e-01
6.765149235725402832e-01
6.312774419784545898e-01
7.356001734733581543e-01
1.015317082405090332e+00
5.653784275054931641e-01
7.290667295455932617e-01
6.750685572624206543e-01
9.773478507995605469e-01
6.108651161193847656e-01
5.816386342048645020e-01
7.737065553665161133e-01
9.721152186393737793e-01
5.796619653701782227e-01
7.900764942169189453e-01
6.305077075958251953e-01
9.618893265724182129e-01
5.776832103729248047e-01
7.363725304603576660e-01
6.078422665596008301e-01
9.735382795333862305e-01
6.293086409568786621e-01
7.829551696777343750e-01
9.395325183868408203e-01
5.933009386062622070e-01
7.817211151123046875e-01
6.588267683982849121e-01
9.873843193054199219e-01
5.844808816909790039e-01
6.861007809638977051e-01
7.456173896789550781e-01
9.901095032691955566e-01
6.466082930564880371e-01
7.527880668640136719e-01
9.526744484901428223e-01
6.701130270957946777e-01
6.428533792495727539e-01
7.094810009002685547e-01
6.603079438209533691e-01
1.024632334709167480e+00
6.554324030876159668e-01
8.074837923049926758e-01
9.521344304084777832e-01
5.960277915000915527e-01
7.283331155776977539e-01
6.784374713897705078e-01
9.836502671241760254e-01
6.293872594833374023e-01
8.208947777748107910e-01
9.545896649360656738e-01
6.625561118125915527e-01
6.215553879737854004e-01
6.409369111061096191e-01
6.998364925384521484e-01
1.039516091346740723e+00
6.519917249679565430e-01
7.565265893936157227e-01
9.449914693832397461e-01
6.182883381843566895e-01
6.569471359252929688e-01
7.535842657089233398e-01
9.904595017433166504e-01
7.212523818016052246e-01
6.930133104324340820e-01
7.009960412979125977e-01
9.816259145736694336e-01
5.794894099235534668e-01
7.323255538940429688e-01
7.205585241317749023e-01
9.782037734985351562e-01
5.830132961273193359e-01
6.922010183334350586e-01
6.743907928466796875e-01
9.949510097503662109e-01
5.701138973236083984e-01
7.341300845146179199e-01
7.097195982933044434e-01
9.809970855712890625e-01
7.664294838905334473e-01
7.523518800735473633e-01
9.584453105926513672e-01
5.922347307205200195e-01
7.012659311294555664e-01
6.705237030982971191e-01
9.896163940429687500e-01
5.778647661209106445e-01
7.118405103683471680e-01
7.366496920585632324e-01
9.840217232704162598e-01
7.110529541969299316e-01
7.152996063232421875e-01
6.878104805946350098e-01
9.941699504852294922e-01
6.150335669517517090e-01
6.926180720329284668e-01
6.639119982719421387e-01
1.007233500480651855e+00
