6.090258359909057617e-01
5.679528713226318359e-01
8.508635759353637695e-01
8.834528923034667969e-01
8.611243367195129395e-01
8.318197131156921387e-01
8.335793018341064453e-01
7.387113571166992188e-01
5.831250548362731934e-01
8.839806914329528809e-01
8.801530599594116211e-01
8.070712089538574219e-01
8.414764404296875000e-01
8.062437772750854492e-01
7.837374806404113770e-01
7.915745973587036133e-01
7.124617695808410645e-01
7.730656862258911133e-01
6.069706678390502930e-01
5.798881053924560547e-01
8.491703271865844727e-01
8.887146115303039551e-01
8.021975159645080566e-01
8.019942045211791992e-01
8.132405877113342285e-01
7.821002006530761719e-01
5.289366245269775391e-01
8.541907668113708496e-01
8.655089735984802246e-01
7.767700552940368652e-01
8.136550188064575195e-01
7.768542170524597168e-01
8.739906549453735352e-01
8.089129328727722168e-01
8.320927619934082031e-01
8.493035435676574707e-01
6.412814855575561523e-01
6.317480802536010742e-01
7.324262261390686035e-01
9.825669527053833008e-01
6.049208641052246094e-01
5.645222663879394531e-01
7.150738835334777832e-01
7.460305690765380859e-01
6.670569777488708496e-01
1.054643034934997559e+00
5.536503791809082031e-01
6.290338635444641113e-01
7.065790891647338867e-01
7.742567062377929688e-01
6.360260844230651855e-01
1.061345100402832031e+00
5.472199916839599609e-01
6.629759073257446289e-01
7.325041890144348145e-01
6.431642174720764160e-01
7.668944597244262695e-01
1.043492436408996582e+00
6.337433457374572754e-01
6.126628518104553223e-01
8.088956475257873535e-01
9.867017865180969238e-01
5.182708501815795898e-01
8.194403648376464844e-01
7.515860199928283691e-01
6.180948615074157715e-01
1.005469322204589844e+00
5.919432044029235840e-01
5.774437189102172852e-01
8.087282180786132812e-01
7.083779573440551758e-01
1.018873929977416992e+00
5.572185516357421875e-01
7.098118066787719727e-01
7.592799067497253418e-01
7.446835041046142578e-01
1.043280243873596191e+00
5.629148483276367188e-01
8.448254466056823730e-01
6.678010821342468262e-01
9.975403547286987305e-01
6.024239063262939453e-01
5.624215006828308105e-01
8.077717423439025879e-01
6.433749794960021973e-01
1.012648940086364746e+00
5.706022381782531738e-01
8.011331558227539062e-01
6.620798110961914062e-01
7.308242321014404297e-01
1.013366818428039551e+00
6.120321750640869141e-01
7.998011708259582520e-01
7.045277357101440430e-01
9.829604625701904297e-01
5.256148576736450195e-01
7.541043758392333984e-01
6.299697756767272949e-01
7.601500749588012695e-01
1.023527979850769043e+00
5.535753369331359863e-01
7.015510201454162598e-01
6.762125492095947266e-01
7.939757108688354492e-01
1.019228816032409668e+00
6.069687604904174805e-01
8.224716186523437500e-01
7.348741888999938965e-01
9.970949292182922363e-01
6.438106894493103027e-01
6.127303242683410645e-01
8.213877677917480469e-01
9.802024960517883301e-01
6.011581420898437500e-01
8.606528043746948242e-01
6.561042070388793945e-01
9.767574667930603027e-01
6.236607432365417480e-01
8.028249144554138184e-01
6.624137163162231445e-01
1.003748655319213867e+00
6.544675827026367188e-01
8.493312001228332520e-01
9.520697593688964844e-01
6.014776825904846191e-01
8.368116617202758789e-01
6.898778676986694336e-01
1.000280976295471191e+00
5.744925737380981445e-01
7.354210615158081055e-01
7.802210450172424316e-01
1.008699417114257812e+00
6.902426481246948242e-01
7.995033860206604004e-01
9.466944932937622070e-01
7.212938070297241211e-01
6.963375210762023926e-01
7.784919738769531250e-01
7.166989445686340332e-01
1.024166822433471680e+00
6.692589521408081055e-01
8.629370331764221191e-01
9.601331949234008789e-01
6.002998352050781250e-01
7.842501401901245117e-01
7.333871126174926758e-01
9.956414699554443359e-01
6.489372849464416504e-01
8.960946798324584961e-01
9.711803197860717773e-01
6.967988014221191406e-01
6.399214863777160645e-01
6.808259487152099609e-01
7.476367950439453125e-01
1.055739998817443848e+00
6.620155572891235352e-01
8.153277039527893066e-01
9.500347971916198730e-01
6.253662109375000000e-01
7.033585906028747559e-01
7.962197065353393555e-01
9.935069084167480469e-01
7.621822357177734375e-01
7.320855855941772461e-01
7.619384527206420898e-01
1.000853180885314941e+00
5.945121049880981445e-01
7.864197492599487305e-01
7.679175138473510742e-01
9.895320534706115723e-01
6.095780134201049805e-01
7.386994957923889160e-01
7.024673223495483398e-01
9.934540987014770508e-01
6.144738793373107910e-01
7.728415131568908691e-01
7.387491464614868164e-01
9.974699616432189941e-01
8.199206590652465820e-01
7.858877182006835938e-01
9.655233025550842285e-01
6.124058365821838379e-01
7.402222156524658203e-01
7.037869691848754883e-01
9.869779348373413086e-01
6.121473312377929688e-01
7.520508170127868652e-01
7.857675552368164062e-01
9.909434914588928223e-01
7.507151961326599121e-01
7.681465148925781250e-01
7.409176826477050781e-01
9.998491406440734863e-01
6.117018461227416992e-01
7.521550059318542480e-01
7.031947970390319824e-01
9.992026090621948242e-01
