5.899825096130371094e-01
5.774360299110412598e-01
8.562809228897094727e-01
8.506378531455993652e-01
8.290173411369323730e-01
8.101994395256042480e-01
8.184651136398315430e-01
7.673889994621276855e-01
5.781571269035339355e-01
8.179590702056884766e-01
8.577024340629577637e-01
8.016172051429748535e-01
8.039953112602233887e-01
7.792521715164184570e-01
7.323455810546875000e-01
7.633249759674072266e-01
7.350640892982482910e-01
7.436941266059875488e-01
6.067777276039123535e-01
5.754110813140869141e-01
8.398671746253967285e-01
8.499046564102172852e-01
7.470662593841552734e-01
7.641624808311462402e-01
7.991260290145874023e-01
7.825622558593750000e-01
4.643166661262512207e-01
8.403092622756958008e-01
8.127048611640930176e-01
7.277017831802368164e-01
7.681873440742492676e-01
7.673900723457336426e-01
8.603726029396057129e-01
7.351033687591552734e-01
7.764756083488464355e-01
8.138546943664550781e-01
6.091127991676330566e-01
5.927385091781616211e-01
6.647679209709167480e-01
9.582565426826477051e-01
5.590069890022277832e-01
5.077016353607177734e-01
6.460267901420593262e-01
6.997438073158264160e-01
6.198344826698303223e-01
1.008797883987426758e+00
5.078662037849426270e-01
5.889699459075927734e-01
6.341757774353027344e-01
7.002967000007629395e-01
5.973172783851623535e-01
1.009043455123901367e+00
5.201604366302490234e-01
5.897278785705566406e-01
6.520980000495910645e-01
6.034851074218750000e-01
7.031756639480590820e-01
1.003812432289123535e+00
5.979062318801879883e-01
5.766901373863220215e-01
7.253443598747253418e-01
9.503028988838195801e-01
4.980655312538146973e-01
7.347893118858337402e-01
6.887968182563781738e-01
5.815711617469787598e-01
9.736601114273071289e-01
5.592887401580810547e-01
5.291222333908081055e-01
7.178214192390441895e-01
6.255698800086975098e-01
9.711645841598510742e-01
5.047224164009094238e-01
6.248061060905456543e-01
6.816520094871520996e-01
6.520447134971618652e-01
9.867246150970458984e-01
5.421176552772521973e-01
7.693664431571960449e-01
6.089989542961120605e-01
9.632584452629089355e-01
5.553277134895324707e-01
5.230766534805297852e-01
7.229753732681274414e-01
5.948281884193420410e-01
9.728500843048095703e-01
5.109074115753173828e-01
7.236700654029846191e-01
5.848824977874755859e-01
6.561593413352966309e-01
9.653059840202331543e-01
5.996896624565124512e-01
7.260534763336181641e-01
6.488367915153503418e-01
9.645068049430847168e-01
5.036053657531738281e-01
7.087430357933044434e-01
5.908466577529907227e-01
6.870820522308349609e-01
9.791948199272155762e-01
5.413386225700378418e-01
6.480180621147155762e-01
6.148216724395751953e-01
7.021041512489318848e-01
9.937557578086853027e-01
5.560367703437805176e-01
7.256880402565002441e-01
6.735757589340209961e-01
9.549353718757629395e-01
5.918982625007629395e-01
5.599192976951599121e-01
7.514738440513610840e-01
9.625737667083740234e-01
5.545823574066162109e-01
7.675990462303161621e-01
6.087186336517333984e-01
9.452936649322509766e-01
5.828810334205627441e-01
7.331097722053527832e-01
5.908048748970031738e-01
9.474404454231262207e-01
6.341692209243774414e-01
7.567929625511169434e-01
9.175912737846374512e-01
5.530762076377868652e-01
7.647740244865417480e-01
6.440840959548950195e-01
9.694876074790954590e-01
5.824732184410095215e-01
6.732001900672912598e-01
7.194831967353820801e-01
9.770520925521850586e-01
6.545125842094421387e-01
7.250022888183593750e-01
9.264954924583435059e-01
6.558001637458801270e-01
6.260342597961425781e-01
6.864797472953796387e-01
6.425132155418395996e-01
9.833180308341979980e-01
6.610279679298400879e-01
8.001664876937866211e-01
9.282640218734741211e-01
5.745036602020263672e-01
7.037858963012695312e-01
6.672409772872924805e-01
9.611191153526306152e-01
6.299906373023986816e-01
8.153609633445739746e-01
9.385187029838562012e-01
6.177661418914794922e-01
5.933742523193359375e-01
5.990458130836486816e-01
6.646975874900817871e-01
1.001986026763916016e+00
6.166319847106933594e-01
7.353295683860778809e-01
9.019908308982849121e-01
6.178320646286010742e-01
6.590006947517395020e-01
7.193928956985473633e-01
9.545531868934631348e-01
6.927364468574523926e-01
6.844615936279296875e-01
6.864737272262573242e-01
9.648871421813964844e-01
5.555677413940429688e-01
7.088807821273803711e-01
6.876181960105895996e-01
9.494938850402832031e-01
5.754334330558776855e-01
6.789763569831848145e-01
6.566986441612243652e-01
9.513970017433166504e-01
6.029536724090576172e-01
7.077985405921936035e-01
6.800562143325805664e-01
9.611180424690246582e-01
7.454561591148376465e-01
7.381459474563598633e-01
9.399403929710388184e-01
5.540037155151367188e-01
6.668729186058044434e-01
6.589185595512390137e-01
9.551538228988647461e-01
5.721002221107482910e-01
6.927047371864318848e-01
7.090041041374206543e-01
9.562537074089050293e-01
6.824638843536376953e-01
6.849129199981689453e-01
6.670694947242736816e-01
9.665060043334960938e-01
5.654434561729431152e-01
6.587728857994079590e-01
6.446872949600219727e-01
9.537515640258789062e-01
