6.258098483085632324e-01
6.200408935546875000e-01
8.793540596961975098e-01
8.991927504539489746e-01
8.805776238441467285e-01
8.323274254798889160e-01
8.634162545204162598e-01
7.818865180015563965e-01
5.754365921020507812e-01
8.799053430557250977e-01
9.011458158493041992e-01
8.307343721389770508e-01
8.505294919013977051e-01
8.263459205627441406e-01
7.881476879119873047e-01
8.210676312446594238e-01
7.617811560630798340e-01
8.049418330192565918e-01
6.250765323638916016e-01
6.262085437774658203e-01
8.816590309143066406e-01
8.904877305030822754e-01
7.911331057548522949e-01
7.901130318641662598e-01
8.355289697647094727e-01
8.194851279258728027e-01
5.417757630348205566e-01
8.843802809715270996e-01
8.652356266975402832e-01
8.000530600547790527e-01
8.229619264602661133e-01
7.965857386589050293e-01
9.212688803672790527e-01
8.058090806007385254e-01
8.227097988128662109e-01
8.827351927757263184e-01
6.542397737503051758e-01
6.266553401947021484e-01
6.996980309486389160e-01
9.781409502029418945e-01
5.950150489807128906e-01
5.649932622909545898e-01
6.705869436264038086e-01
7.424831390380859375e-01
6.410714387893676758e-01
1.055307149887084961e+00
5.433865785598754883e-01
6.136258840560913086e-01
6.911178231239318848e-01
7.562466263771057129e-01
6.201320290565490723e-01
1.061907291412353516e+00
5.408997535705566406e-01
6.638697385787963867e-01
7.307761907577514648e-01
6.505437493324279785e-01
7.522909641265869141e-01
1.051181554794311523e+00
6.125370264053344727e-01
5.938392281532287598e-01
7.803604006767272949e-01
9.873892664909362793e-01
5.360986590385437012e-01
7.827830910682678223e-01
7.350906729698181152e-01
6.159967780113220215e-01
1.008017539978027344e+00
5.826859474182128906e-01
5.555043816566467285e-01
7.770206332206726074e-01
6.743078827857971191e-01
1.018961310386657715e+00
5.279077291488647461e-01
6.989809274673461914e-01
7.368851304054260254e-01
7.021743655204772949e-01
1.038030743598937988e+00
5.638614296913146973e-01
8.063914775848388672e-01
6.543169617652893066e-01
9.960788488388061523e-01
5.848405361175537109e-01
5.735385417938232422e-01
7.869238257408142090e-01
6.337721347808837891e-01
1.010365605354309082e+00
5.444899201393127441e-01
7.606499791145324707e-01
6.214327812194824219e-01
7.017165422439575195e-01
1.014932751655578613e+00
6.206824779510498047e-01
7.785368561744689941e-01
6.682711243629455566e-01
9.813836216926574707e-01
5.503474473953247070e-01
7.503961920738220215e-01
6.141780614852905273e-01
7.395224571228027344e-01
1.027107954025268555e+00
5.591841936111450195e-01
7.064674496650695801e-01
6.387524008750915527e-01
7.428468465805053711e-01
1.031023859977722168e+00
5.857054591178894043e-01
7.937590479850769043e-01
6.970605254173278809e-01
9.949783086776733398e-01
6.227574944496154785e-01
5.928964018821716309e-01
7.866635322570800781e-01
9.772327542304992676e-01
5.809494256973266602e-01
8.228856325149536133e-01
6.524685025215148926e-01
9.724693894386291504e-01
6.073145866394042969e-01
7.801120281219482422e-01
6.301237940788269043e-01
9.975153207778930664e-01
6.310988664627075195e-01
8.097631335258483887e-01
9.478344321250915527e-01
5.828350782394409180e-01
8.067520856857299805e-01
6.788862943649291992e-01
1.001728296279907227e+00
5.733520388603210449e-01
7.077454328536987305e-01
7.557631731033325195e-01
9.992483258247375488e-01
6.729863286018371582e-01
7.664346694946289062e-01
9.567413330078125000e-01
7.023240923881530762e-01
6.734637618064880371e-01
7.238284945487976074e-01
6.869106292724609375e-01
1.029635429382324219e+00
6.695252656936645508e-01
8.208581805229187012e-01
9.647891521453857422e-01
6.252853870391845703e-01
7.631024122238159180e-01
7.183147072792053223e-01
9.925086498260498047e-01
6.350851058959960938e-01
8.589956760406494141e-01
9.609514474868774414e-01
6.742784380912780762e-01
6.445191502571105957e-01
6.523935794830322266e-01
7.261349558830261230e-01
1.055293917655944824e+00
6.541868448257446289e-01
7.834964990615844727e-01
9.499040842056274414e-01
6.443965435028076172e-01
6.861343383789062500e-01
7.672964930534362793e-01
9.962017536163330078e-01
7.293300628662109375e-01
7.022932171821594238e-01
7.353903055191040039e-01
9.989824295043945312e-01
5.917955636978149414e-01
7.609831690788269043e-01
7.349565625190734863e-01
9.929603934288024902e-01
5.847128629684448242e-01
7.076983451843261719e-01
6.800072789192199707e-01
1.001855015754699707e+00
5.970457196235656738e-01
7.404951453208923340e-01
7.242268323898315430e-01
9.971144199371337891e-01
7.862442135810852051e-01
7.510897517204284668e-01
9.699781537055969238e-01
5.918740630149841309e-01
7.223494648933410645e-01
6.942332983016967773e-01
9.909147024154663086e-01
6.014392375946044922e-01
7.258022427558898926e-01
7.560260295867919922e-01
9.926401376724243164e-01
7.126156687736511230e-01
7.458239197731018066e-01
6.899080276489257812e-01
1.006262302398681641e+00
5.919861197471618652e-01
7.245217561721801758e-01
6.753799319267272949e-01
1.004629611968994141e+00
