5.815365314483642578e-01
5.197514295578002930e-01
7.604571580886840820e-01
7.434253692626953125e-01
7.312014102935791016e-01
7.178733348846435547e-01
6.993428468704223633e-01
6.988734602928161621e-01
5.198574662208557129e-01
6.710097193717956543e-01
7.374145388603210449e-01
6.648402214050292969e-01
6.626475453376770020e-01
6.915701627731323242e-01
6.176493763923645020e-01
6.151138544082641602e-01
6.536220908164978027e-01
6.352645158767700195e-01
5.437765717506408691e-01
5.304824113845825195e-01
7.375168204307556152e-01
7.390223741531372070e-01
6.428664922714233398e-01
6.430121660232543945e-01
7.047283053398132324e-01
6.939013004302978516e-01
4.566954374313354492e-01
7.114877700805664062e-01
7.075532674789428711e-01
6.237376928329467773e-01
6.490446329116821289e-01
6.580827236175537109e-01
7.415675520896911621e-01
6.008476018905639648e-01
6.310923695564270020e-01
6.995136737823486328e-01
5.597357153892517090e-01
5.397919416427612305e-01
6.173920631408691406e-01
9.349453449249267578e-01
5.164452195167541504e-01
4.966583847999572754e-01
5.977520346641540527e-01
6.293977499008178711e-01
5.637602210044860840e-01
9.598454236984252930e-01
4.665600061416625977e-01
5.013341307640075684e-01
5.890460014343261719e-01
6.320063471794128418e-01
5.480204820632934570e-01
9.246566295623779297e-01
4.671059846878051758e-01
5.625492930412292480e-01
6.136869192123413086e-01
5.590295195579528809e-01
6.471514701843261719e-01
9.359769225120544434e-01
5.485129952430725098e-01
5.258322358131408691e-01
6.829387545585632324e-01
9.080855250358581543e-01
4.597601592540740967e-01
6.722331047058105469e-01
5.959069132804870605e-01
5.326323509216308594e-01
8.734616041183471680e-01
5.034620761871337891e-01
4.793952107429504395e-01
6.521782279014587402e-01
5.905481576919555664e-01
8.942764997482299805e-01
4.691670238971710205e-01
5.729758143424987793e-01
6.457572579383850098e-01
6.164004802703857422e-01
9.048304557800292969e-01
4.743414819240570068e-01
7.152463197708129883e-01
5.836729407310485840e-01
8.800439834594726562e-01
5.271798372268676758e-01
4.901923835277557373e-01
6.492201089859008789e-01
5.423090457916259766e-01
8.846739530563354492e-01
4.671531617641448975e-01
6.669618487358093262e-01
5.276690721511840820e-01
6.140979528427124023e-01
8.908855319023132324e-01
5.489335656166076660e-01
6.800309419631958008e-01
6.000550389289855957e-01
8.973076343536376953e-01
4.827274978160858154e-01
6.555958986282348633e-01
5.459806323051452637e-01
6.057621836662292480e-01
9.085612893104553223e-01
4.949084520339965820e-01
5.991097092628479004e-01
5.640369653701782227e-01
6.763970851898193359e-01
9.375875592231750488e-01
5.045359134674072266e-01
6.926575899124145508e-01
6.266309618949890137e-01
8.834912180900573730e-01
5.356343388557434082e-01
5.276279449462890625e-01
6.835361719131469727e-01
9.005268812179565430e-01
5.236675143241882324e-01
7.232874631881713867e-01
5.802063345909118652e-01
8.735231161117553711e-01
5.528646111488342285e-01
6.719287037849426270e-01
5.413478016853332520e-01
8.834676742553710938e-01
5.965133905410766602e-01
7.038708329200744629e-01
8.974028229713439941e-01
5.226259827613830566e-01
7.061333060264587402e-01
5.903685092926025391e-01
8.814295530319213867e-01
5.139220356941223145e-01
6.111723184585571289e-01
6.551319956779479980e-01
9.088011980056762695e-01
6.058515310287475586e-01
6.922238469123840332e-01
9.025611877441406250e-01
5.950140357017517090e-01
5.774401426315307617e-01
6.307197809219360352e-01
5.991309285163879395e-01
9.085042476654052734e-01
5.891213417053222656e-01
7.432860136032104492e-01
8.718844056129455566e-01
5.180371403694152832e-01
6.733559966087341309e-01
6.069356203079223633e-01
9.073132872581481934e-01
5.793840885162353516e-01
7.613971233367919922e-01
8.765593171119689941e-01
5.711275339126586914e-01
5.426140427589416504e-01
5.533193349838256836e-01
6.150872111320495605e-01
9.141947031021118164e-01
5.976100564002990723e-01
7.004510760307312012e-01
8.850989937782287598e-01
5.803778767585754395e-01
6.004876494407653809e-01
6.840404272079467773e-01
9.016479849815368652e-01
6.461714506149291992e-01
6.268423199653625488e-01
6.368392109870910645e-01
8.943219184875488281e-01
5.508017539978027344e-01
6.788514256477355957e-01
6.411356329917907715e-01
9.013425707817077637e-01
5.127423405647277832e-01
6.237278580665588379e-01
6.054606437683105469e-01
9.238969087600708008e-01
5.282543897628784180e-01
6.518688797950744629e-01
6.442041993141174316e-01
9.176096320152282715e-01
7.020628452301025391e-01
6.696611642837524414e-01
8.734496235847473145e-01
5.229831933975219727e-01
6.261048316955566406e-01
6.073839664459228516e-01
9.274068474769592285e-01
5.335997343063354492e-01
6.400728225708007812e-01
6.683516502380371094e-01
9.062515497207641602e-01
6.500685811042785645e-01
6.402372121810913086e-01
6.154181361198425293e-01
8.872748017311096191e-01
5.157706141471862793e-01
6.353986859321594238e-01
5.963199138641357422e-01
9.286382794380187988e-01
