6.009540557861328125e-01
5.807321071624755859e-01
8.081495165824890137e-01
8.135467767715454102e-01
8.003250360488891602e-01
7.734980583190917969e-01
7.595458030700683594e-01
7.454223632812500000e-01
5.620734691619873047e-01
7.625834345817565918e-01
8.064430356025695801e-01
7.854391336441040039e-01
7.343083024024963379e-01
7.415029406547546387e-01
6.615908145904541016e-01
6.914262175559997559e-01
7.060569524765014648e-01
6.996853947639465332e-01
5.637234449386596680e-01
5.591901540756225586e-01
7.976335287094116211e-01
8.024271130561828613e-01
6.904333829879760742e-01
7.127531170845031738e-01
7.810072898864746094e-01
7.359542250633239746e-01
4.924811422824859619e-01
7.540953159332275391e-01
7.523697018623352051e-01
6.992065310478210449e-01
7.049342989921569824e-01
6.963720321655273438e-01
7.981942296028137207e-01
6.826115250587463379e-01
7.195790410041809082e-01
7.634161114692687988e-01
5.960809588432312012e-01
5.470851063728332520e-01
6.487745046615600586e-01
9.553400278091430664e-01
5.522816181182861328e-01
5.255168080329895020e-01
6.143976449966430664e-01
6.419631838798522949e-01
5.763419270515441895e-01
9.918274879455566406e-01
5.065048336982727051e-01
5.345320105552673340e-01
6.089563965797424316e-01
6.671928763389587402e-01
5.717220306396484375e-01
9.781051278114318848e-01
5.025698542594909668e-01
5.847392082214355469e-01
6.205688714981079102e-01
5.959350466728210449e-01
6.751568913459777832e-01
9.892050623893737793e-01
5.851761698722839355e-01
5.515076518058776855e-01
7.137007713317871094e-01
9.366687536239624023e-01
4.642283022403717041e-01
7.000227570533752441e-01
6.465867161750793457e-01
5.487478971481323242e-01
9.287114143371582031e-01
5.211443901062011719e-01
5.098710060119628906e-01
6.952388882637023926e-01
6.009303331375122070e-01
9.518250823020935059e-01
4.860180914402008057e-01
6.181238293647766113e-01
6.607378721237182617e-01
6.437876224517822266e-01
9.616613984107971191e-01
5.101513862609863281e-01
7.167379260063171387e-01
5.728383660316467285e-01
9.428946971893310547e-01
5.317480564117431641e-01
5.007750988006591797e-01
6.856690645217895508e-01
5.628454685211181641e-01
9.346162080764770508e-01
5.055002570152282715e-01
6.941415071487426758e-01
5.820667147636413574e-01
6.490228772163391113e-01
9.446964263916015625e-01
5.684465765953063965e-01
7.072902321815490723e-01
6.262993216514587402e-01
9.475243091583251953e-01
4.840172231197357178e-01
6.717720031738281250e-01
5.674887299537658691e-01
6.526418924331665039e-01
9.574499130249023438e-01
5.175009369850158691e-01
6.347022056579589844e-01
5.982118844985961914e-01
6.924512982368469238e-01
9.761190414428710938e-01
5.398946404457092285e-01
7.109621763229370117e-01
6.450240612030029297e-01
9.380799531936645508e-01
5.555597543716430664e-01
5.383878946304321289e-01
7.047108411788940430e-01
9.481862783432006836e-01
5.112952589988708496e-01
7.471134662628173828e-01
5.969150066375732422e-01
9.185801148414611816e-01
5.578380227088928223e-01
6.920882463455200195e-01
5.661450028419494629e-01
9.312620162963867188e-01
5.841344594955444336e-01
7.232010364532470703e-01
9.165312647819519043e-01
5.631785988807678223e-01
7.320196032524108887e-01
6.292921304702758789e-01
9.390662312507629395e-01
5.483278632164001465e-01
6.441053748130798340e-01
6.743755340576171875e-01
9.471675753593444824e-01
6.247185468673706055e-01
7.016516923904418945e-01
9.281085133552551270e-01
6.303336024284362793e-01
6.074237227439880371e-01
6.565576195716857910e-01
6.108769178390502930e-01
9.534731507301330566e-01
6.156110763549804688e-01
7.685866355895996094e-01
9.173811078071594238e-01
5.509400963783264160e-01
7.049305438995361328e-01
6.388332247734069824e-01
9.445472955703735352e-01
6.164866089820861816e-01
7.842086553573608398e-01
9.173007011413574219e-01
5.902872681617736816e-01
5.634086132049560547e-01
5.807955861091613770e-01
6.462746262550354004e-01
9.741415977478027344e-01
6.010051369667053223e-01
7.102851271629333496e-01
9.085322022438049316e-01
5.943820476531982422e-01
6.429949998855590820e-01
6.985515356063842773e-01
9.423433542251586914e-01
6.659317612648010254e-01
6.514946818351745605e-01
6.754418611526489258e-01
9.287042021751403809e-01
5.457434654235839844e-01
6.977055668830871582e-01
6.696906685829162598e-01
9.393205642700195312e-01
5.677688717842102051e-01
6.567524075508117676e-01
6.408781409263610840e-01
9.529240727424621582e-01
5.570632815361022949e-01
6.801360845565795898e-01
6.706377267837524414e-01
9.340329766273498535e-01
7.325838208198547363e-01
7.002810239791870117e-01
9.139818549156188965e-01
5.624009370803833008e-01
6.527386307716369629e-01
6.244567632675170898e-01
9.603340029716491699e-01
5.471816062927246094e-01
6.779198646545410156e-01
7.028457522392272949e-01
9.457138776779174805e-01
6.386778354644775391e-01
6.713521480560302734e-01
6.425923705101013184e-01
9.490123391151428223e-01
5.689793825149536133e-01
6.444674730300903320e-01
6.309561729431152344e-01
9.614011049270629883e-01
