5.896989107131958008e-01
5.564770698547363281e-01
8.251985311508178711e-01
8.302741050720214844e-01
8.162788748741149902e-01
7.914633750915527344e-01
7.916120290756225586e-01
7.487605214118957520e-01
5.503474473953247070e-01
7.874940037727355957e-01
8.411724567413330078e-01
7.683419585227966309e-01
7.676979899406433105e-01
7.680433392524719238e-01
7.068980336189270020e-01
7.322200536727905273e-01
7.025672197341918945e-01
7.315255403518676758e-01
5.826159119606018066e-01
5.761929154396057129e-01
8.058477044105529785e-01
8.453298211097717285e-01
7.156498432159423828e-01
7.425051927566528320e-01
7.876647114753723145e-01
7.653349041938781738e-01
4.869663119316101074e-01
8.044141530990600586e-01
7.968823313713073730e-01
6.929697990417480469e-01
7.293419241905212402e-01
7.459534406661987305e-01
8.337985277175903320e-01
7.127757072448730469e-01
7.580546140670776367e-01
7.683080434799194336e-01
6.029026508331298828e-01
5.772608518600463867e-01
6.573997735977172852e-01
9.667406082153320312e-01
5.708199143409729004e-01
5.468849539756774902e-01
6.547819972038269043e-01
6.803640127182006836e-01
6.104122996330261230e-01
1.006051898002624512e+00
5.117626190185546875e-01
5.682221651077270508e-01
6.274449825286865234e-01
6.840231418609619141e-01
5.860446095466613770e-01
1.008385896682739258e+00
4.982037544250488281e-01
5.903464555740356445e-01
6.472383737564086914e-01
5.987447500228881836e-01
6.828607916831970215e-01
9.936909675598144531e-01
5.856899619102478027e-01
5.674056410789489746e-01
7.163286805152893066e-01
9.555955529212951660e-01
4.859837293624877930e-01
7.162619829177856445e-01
6.581841111183166504e-01
5.777853727340698242e-01
9.489845037460327148e-01
5.362470149993896484e-01
5.309783816337585449e-01
7.135732769966125488e-01
6.185743808746337891e-01
9.635911583900451660e-01
5.116105675697326660e-01
6.053572893142700195e-01
6.854227185249328613e-01
6.475946307182312012e-01
9.873297214508056641e-01
5.195705890655517578e-01
7.447748184204101562e-01
5.961084961891174316e-01
9.519901275634765625e-01
5.557008385658264160e-01
5.230357050895690918e-01
6.952722668647766113e-01
5.732565522193908691e-01
9.530299901962280273e-01
5.029568076133728027e-01
7.008466124534606934e-01
5.864252448081970215e-01
6.445680856704711914e-01
9.543370008468627930e-01
5.549768209457397461e-01
7.235514521598815918e-01
6.200043559074401855e-01
9.495902061462402344e-01
4.875397384166717529e-01
6.734375953674316406e-01
5.757576823234558105e-01
6.702128052711486816e-01
9.845212697982788086e-01
4.909065961837768555e-01
6.636543869972229004e-01
5.914808511734008789e-01
7.016767859458923340e-01
9.870185852050781250e-01
5.569155812263488770e-01
7.224521040916442871e-01
6.718128919601440430e-01
9.433321952819824219e-01
5.772449374198913574e-01
5.750972032546997070e-01
7.320712208747863770e-01
9.463500976562500000e-01
5.288765430450439453e-01
7.642602920532226562e-01
6.093803048133850098e-01
9.404394030570983887e-01
5.594251155853271484e-01
7.159048318862915039e-01
5.776813626289367676e-01
9.437931776046752930e-01
6.157420277595520020e-01
7.367254495620727539e-01
9.270835518836975098e-01
5.575132966041564941e-01
7.455113530158996582e-01
6.332511901855468750e-01
9.546478986740112305e-01
5.443997979164123535e-01
6.453940868377685547e-01
6.942395567893981934e-01
9.718544483184814453e-01
6.415540575981140137e-01
7.207328081130981445e-01
9.285327792167663574e-01
6.302797198295593262e-01
6.196564435958862305e-01
6.912065744400024414e-01
6.438782811164855957e-01
9.770416617393493652e-01
6.241132616996765137e-01
7.815806865692138672e-01
9.178155660629272461e-01
5.674399137496948242e-01
7.149654030799865723e-01
6.377363204956054688e-01
9.624397754669189453e-01
6.140165328979492188e-01
7.980192303657531738e-01
9.302529692649841309e-01
6.134114861488342285e-01
5.743266940116882324e-01
6.021942496299743652e-01
6.716690659523010254e-01
1.001477122306823730e+00
6.137978434562683105e-01
7.260769009590148926e-01
9.235503673553466797e-01
5.862618684768676758e-01
6.339259743690490723e-01
7.011877894401550293e-01
9.563634395599365234e-01
6.748092174530029297e-01
6.437776684761047363e-01
6.884201765060424805e-01
9.537361264228820801e-01
5.687246322631835938e-01
7.082337737083435059e-01
6.852911114692687988e-01
9.561508893966674805e-01
5.539324879646301270e-01
6.723925471305847168e-01
6.370348334312438965e-01
9.570073485374450684e-01
5.505717992782592773e-01
6.916998624801635742e-01
6.639187932014465332e-01
9.484995007514953613e-01
7.173581123352050781e-01
7.061010003089904785e-01
9.266406297683715820e-01
5.679101943969726562e-01
6.708212494850158691e-01
6.441165804862976074e-01
9.668331146240234375e-01
5.715174078941345215e-01
6.694284081459045410e-01
6.988620162010192871e-01
9.638046026229858398e-01
6.674142479896545410e-01
6.919306516647338867e-01
6.631889343261718750e-01
9.572541713714599609e-01
5.559555292129516602e-01
6.824908256530761719e-01
6.394992470741271973e-01
9.716544151306152344e-01
