5.934132337570190430e-01
5.433516502380371094e-01
8.001400232315063477e-01
7.757972478866577148e-01
7.787643671035766602e-01
7.569258213043212891e-01
7.629725337028503418e-01
7.114658951759338379e-01
5.619516372680664062e-01
7.249785065650939941e-01
7.753413915634155273e-01
7.434901595115661621e-01
7.128643989562988281e-01
7.407976388931274414e-01
6.513271927833557129e-01
6.827750802040100098e-01
6.733398437500000000e-01
7.067501544952392578e-01
5.845807194709777832e-01
5.583600401878356934e-01
7.656738758087158203e-01
7.793289422988891602e-01
6.676623225212097168e-01
7.123138904571533203e-01
7.662439942359924316e-01
7.336291670799255371e-01
4.542539119720458984e-01
7.487636208534240723e-01
7.430354356765747070e-01
6.526935100555419922e-01
6.806359887123107910e-01
6.913853287696838379e-01
7.832125425338745117e-01
6.536250114440917969e-01
6.943194270133972168e-01
7.645311951637268066e-01
5.911331176757812500e-01
5.699047446250915527e-01
6.561195254325866699e-01
9.234965443611145020e-01
5.482084751129150391e-01
4.819141626358032227e-01
6.179756522178649902e-01
6.678064465522766113e-01
5.995153188705444336e-01
9.695439338684082031e-01
4.917551875114440918e-01
5.401156544685363770e-01
6.211511492729187012e-01
6.666623950004577637e-01
5.570702552795410156e-01
9.542587399482727051e-01
4.909082949161529541e-01
5.747211575508117676e-01
6.262096762657165527e-01
5.854532718658447266e-01
6.611403822898864746e-01
9.624649882316589355e-01
5.708732008934020996e-01
5.440871715545654297e-01
7.041471600532531738e-01
9.272765517234802246e-01
4.572448134422302246e-01
6.890784502029418945e-01
6.438777446746826172e-01
5.591937899589538574e-01
9.110004305839538574e-01
5.306739807128906250e-01
4.964277446269989014e-01
6.663326621055603027e-01
6.183013319969177246e-01
9.207015633583068848e-01
4.893716573715209961e-01
6.042918562889099121e-01
6.478651165962219238e-01
6.437698602676391602e-01
9.428877830505371094e-01
5.290551781654357910e-01
7.314224243164062500e-01
6.048959493637084961e-01
9.008342027664184570e-01
5.439244508743286133e-01
4.979654848575592041e-01
6.806660890579223633e-01
5.415816903114318848e-01
9.226779341697692871e-01
5.123869776725769043e-01
6.786012053489685059e-01
5.780000090599060059e-01
6.178247928619384766e-01
9.215496778488159180e-01
5.570384860038757324e-01
6.842182874679565430e-01
6.171356439590454102e-01
9.207905530929565430e-01
4.728799760341644287e-01
6.717866659164428711e-01
5.552664399147033691e-01
6.408807635307312012e-01
9.387096166610717773e-01
5.036257505416870117e-01
6.382185220718383789e-01
5.882847905158996582e-01
6.850553750991821289e-01
9.505991339683532715e-01
5.406236648559570312e-01
6.952856779098510742e-01
6.394399404525756836e-01
9.073747396469116211e-01
5.799277424812316895e-01
5.467650294303894043e-01
7.089762091636657715e-01
9.245061874389648438e-01
5.169407725334167480e-01
7.487607002258300781e-01
5.932783484458923340e-01
8.859236240386962891e-01
5.457836985588073730e-01
6.868178844451904297e-01
5.614528656005859375e-01
9.081827998161315918e-01
5.971950292587280273e-01
7.318976521492004395e-01
9.086020588874816895e-01
5.312591195106506348e-01
7.266803383827209473e-01
6.068685054779052734e-01
9.034687876701354980e-01
5.308684706687927246e-01
6.431608200073242188e-01
6.600472927093505859e-01
9.342791438102722168e-01
6.212948560714721680e-01
6.992476582527160645e-01
9.028735160827636719e-01
6.319094896316528320e-01
5.839157700538635254e-01
6.535431742668151855e-01
6.148656606674194336e-01
9.419431686401367188e-01
6.034384369850158691e-01
7.544106841087341309e-01
8.896882534027099609e-01
5.401355028152465820e-01
7.005994319915771484e-01
6.353005766868591309e-01
9.304197430610656738e-01
5.987671613693237305e-01
7.712503671646118164e-01
8.872115015983581543e-01
5.951815843582153320e-01
5.847078561782836914e-01
5.738763809204101562e-01
6.358408927917480469e-01
9.527056813240051270e-01
6.060211062431335449e-01
7.112301588058471680e-01
9.033458828926086426e-01
5.791568160057067871e-01
6.087612509727478027e-01
6.936634778976440430e-01
9.242696762084960938e-01
6.595366597175598145e-01
6.285649538040161133e-01
6.480649709701538086e-01
9.234318137168884277e-01
5.523088574409484863e-01
6.855998635292053223e-01
6.637921929359436035e-01
9.268049001693725586e-01
5.502435564994812012e-01
6.369718313217163086e-01
6.433367133140563965e-01
9.347869157791137695e-01
5.541560649871826172e-01
6.804617047309875488e-01
6.434244513511657715e-01
9.318975806236267090e-01
7.089793086051940918e-01
7.057371735572814941e-01
9.186027050018310547e-01
5.587145686149597168e-01
6.388079524040222168e-01
6.263778209686279297e-01
9.315164685249328613e-01
5.574412345886230469e-01
6.642940640449523926e-01
7.025275826454162598e-01
9.379710555076599121e-01
6.544898748397827148e-01
6.657782196998596191e-01
6.493493318557739258e-01
9.345372319221496582e-01
5.265842080116271973e-01
6.467080116271972656e-01
6.219549775123596191e-01
9.384249448776245117e-01
