5.935727953910827637e-01
5.808992981910705566e-01
8.449568152427673340e-01
8.608183860778808594e-01
8.452463746070861816e-01
8.065455555915832520e-01
8.291009664535522461e-01
7.670802474021911621e-01
5.585745573043823242e-01
8.368864059448242188e-01
8.650866746902465820e-01
8.153651356697082520e-01
8.201655149459838867e-01
7.971679568290710449e-01
7.340593934059143066e-01
7.790146470069885254e-01
7.357617020606994629e-01
7.655497193336486816e-01
5.859148502349853516e-01
5.776104331016540527e-01
8.420880436897277832e-01
8.731994628906250000e-01
7.444794774055480957e-01
7.626981735229492188e-01
8.056983947753906250e-01
7.863899469375610352e-01
5.439439415931701660e-01
8.534415960311889648e-01
8.255193829536437988e-01
7.504432797431945801e-01
7.858901619911193848e-01
7.741352319717407227e-01
8.836908936500549316e-01
7.602180838584899902e-01
7.757900953292846680e-01
8.270554542541503906e-01
6.137855648994445801e-01
6.040369272232055664e-01
6.734382510185241699e-01
9.453320503234863281e-01
5.734201073646545410e-01
5.308099985122680664e-01
6.632894277572631836e-01
6.936685442924499512e-01
6.244174242019653320e-01
1.015818715095520020e+00
5.345341563224792480e-01
5.941877365112304688e-01
6.687432527542114258e-01
6.940299272537231445e-01
5.924937129020690918e-01
1.014423370361328125e+00
5.250418186187744141e-01
6.147366762161254883e-01
6.822338700294494629e-01
6.198796629905700684e-01
7.147582769393920898e-01
1.006138920783996582e+00
6.163372993469238281e-01
5.878691077232360840e-01
7.350287437438964844e-01
9.498577117919921875e-01
4.888133704662322998e-01
7.371072769165039062e-01
6.846835017204284668e-01
5.859692692756652832e-01
9.656606912612915039e-01
5.609486699104309082e-01
5.535790920257568359e-01
7.319453954696655273e-01
6.668025851249694824e-01
9.622830152511596680e-01
5.012412667274475098e-01
6.458904147148132324e-01
6.999928951263427734e-01
6.727499365806579590e-01
9.957250952720642090e-01
5.558788776397705078e-01
7.706665396690368652e-01
6.106622815132141113e-01
9.555932879447937012e-01
5.695115327835083008e-01
5.404859185218811035e-01
7.326192855834960938e-01
5.812801718711853027e-01
9.675123691558837891e-01
5.176641941070556641e-01
7.310404777526855469e-01
6.206908226013183594e-01
6.612837910652160645e-01
9.610385298728942871e-01
6.077800989151000977e-01
7.471802830696105957e-01
6.532950997352600098e-01
9.480957388877868652e-01
5.089432001113891602e-01
7.177602648735046387e-01
5.894628763198852539e-01
6.941789388656616211e-01
9.773970842361450195e-01
5.333153605461120605e-01
6.664958596229553223e-01
6.318615078926086426e-01
7.294766902923583984e-01
9.907059669494628906e-01
5.822153687477111816e-01
7.515136003494262695e-01
6.741859316825866699e-01
9.544877409934997559e-01
6.058827042579650879e-01
5.705277919769287109e-01
7.437804341316223145e-01
9.415605068206787109e-01
5.755167603492736816e-01
7.753390073776245117e-01
6.241288781166076660e-01
9.417585730552673340e-01
6.026093363761901855e-01
7.544711828231811523e-01
6.042641401290893555e-01
9.526467919349670410e-01
6.107718944549560547e-01
7.737442255020141602e-01
9.231371283531188965e-01
5.524750947952270508e-01
7.735030055046081543e-01
6.416035890579223633e-01
9.571738243103027344e-01
5.637492537498474121e-01
6.811350584030151367e-01
7.372109293937683105e-01
9.688285589218139648e-01
6.653552651405334473e-01
7.273508906364440918e-01
9.128802418708801270e-01
6.521402001380920410e-01
6.500917673110961914e-01
7.093567848205566406e-01
6.515468955039978027e-01
9.853930473327636719e-01
6.426051259040832520e-01
8.141595721244812012e-01
9.192750453948974609e-01
5.658694505691528320e-01
7.329745292663574219e-01
6.700723767280578613e-01
9.730024337768554688e-01
6.226394176483154297e-01
8.372309207916259766e-01
9.324466586112976074e-01
6.571781635284423828e-01
6.133513450622558594e-01
6.141920685768127441e-01
6.963943243026733398e-01
1.008176326751708984e+00
6.480154395103454590e-01
7.707858681678771973e-01
9.085186719894409180e-01
6.077439188957214355e-01
6.503087878227233887e-01
7.286758422851562500e-01
9.499523639678955078e-01
6.958242654800415039e-01
6.692374944686889648e-01
6.996299624443054199e-01
9.581440687179565430e-01
5.615270733833312988e-01
7.143468856811523438e-01
7.143153548240661621e-01
9.500585198402404785e-01
5.941208004951477051e-01
6.812941431999206543e-01
6.712792515754699707e-01
9.539871811866760254e-01
5.758334994316101074e-01
7.122500538825988770e-01
6.987300515174865723e-01
9.571086764335632324e-01
7.484943270683288574e-01
7.399353384971618652e-01
9.272136092185974121e-01
5.746557712554931641e-01
6.839247345924377441e-01
6.694072484970092773e-01
9.602078199386596680e-01
5.662375092506408691e-01
6.903287768363952637e-01
7.345179319381713867e-01
9.476052522659301758e-01
6.923119425773620605e-01
7.102072238922119141e-01
6.816796660423278809e-01
9.503199458122253418e-01
5.749258995056152344e-01
6.959905624389648438e-01
6.667034626007080078e-01
9.605166912078857422e-01
