6.378499269485473633e-01
6.037399172782897949e-01
8.729743361473083496e-01
8.908212184906005859e-01
8.749996423721313477e-01
8.432124257087707520e-01
8.440731763839721680e-01
7.648671865463256836e-01
6.029188036918640137e-01
8.659309744834899902e-01
8.961713910102844238e-01
8.316172361373901367e-01
8.432602286338806152e-01
8.197254538536071777e-01
7.633478641510009766e-01
8.178899288177490234e-01
7.489581704139709473e-01
7.819654345512390137e-01
6.345151066780090332e-01
6.102766394615173340e-01
8.675230741500854492e-01
8.904715180397033691e-01
7.608046531677246094e-01
7.794794440269470215e-01
8.083444833755493164e-01
7.966318130493164062e-01
5.301949381828308105e-01
8.598688840866088867e-01
8.647266626358032227e-01
7.710426449775695801e-01
8.166299462318420410e-01
7.995249032974243164e-01
8.943443894386291504e-01
8.058880567550659180e-01
7.965943813323974609e-01
8.635966181755065918e-01
6.211191415786743164e-01
6.052545309066772461e-01
6.894687414169311523e-01
9.646714925765991211e-01
5.788953304290771484e-01
5.398613214492797852e-01
6.874941587448120117e-01
7.143883705139160156e-01
6.292363405227661133e-01
1.030930995941162109e+00
5.325096845626831055e-01
6.051071882247924805e-01
6.848855614662170410e-01
7.476665973663330078e-01
6.131010651588439941e-01
1.037949800491333008e+00
5.441657304763793945e-01
6.581639647483825684e-01
6.955531835556030273e-01
6.248586177825927734e-01
7.430893778800964355e-01
1.019181728363037109e+00
6.186630725860595703e-01
5.806764364242553711e-01
7.583595514297485352e-01
9.570960402488708496e-01
5.408370494842529297e-01
7.592955231666564941e-01
6.912742257118225098e-01
6.084482669830322266e-01
9.804081916809082031e-01
5.718363523483276367e-01
5.533124804496765137e-01
7.586649656295776367e-01
6.664739251136779785e-01
9.936998486518859863e-01
5.031210184097290039e-01
6.717823743820190430e-01
7.146010994911193848e-01
6.814729571342468262e-01
1.011698722839355469e+00
5.671651363372802734e-01
7.985715270042419434e-01
6.444573402404785156e-01
9.709156155586242676e-01
5.778787136077880859e-01
5.549356341361999512e-01
7.466566562652587891e-01
6.006642580032348633e-01
9.827910661697387695e-01
5.408260226249694824e-01
7.470955252647399902e-01
6.200956702232360840e-01
6.878409385681152344e-01
9.864439368247985840e-01
6.047350168228149414e-01
7.644476890563964844e-01
6.711025238037109375e-01
9.603393077850341797e-01
5.036959648132324219e-01
7.340777516365051270e-01
6.082778573036193848e-01
7.054565548896789551e-01
1.003010392189025879e+00
5.446329712867736816e-01
6.893719434738159180e-01
6.285150051116943359e-01
7.546455264091491699e-01
1.001341223716735840e+00
5.856941342353820801e-01
7.718079090118408203e-01
7.020409107208251953e-01
9.724211096763610840e-01
6.047665476799011230e-01
5.895205736160278320e-01
7.715404033660888672e-01
9.584185481071472168e-01
5.721147656440734863e-01
8.091865777969360352e-01
6.216012239456176758e-01
9.511133432388305664e-01
6.007661819458007812e-01
7.506890296936035156e-01
6.158317923545837402e-01
9.585992693901062012e-01
6.398597359657287598e-01
7.766885757446289062e-01
9.314295053482055664e-01
5.851706266403198242e-01
7.918429970741271973e-01
6.579065918922424316e-01
9.725964665412902832e-01
6.086276769638061523e-01
6.953245997428894043e-01
7.427133321762084961e-01
9.824047088623046875e-01
6.550550460815429688e-01
7.652698755264282227e-01
9.218350648880004883e-01
6.864734292030334473e-01
6.551542282104492188e-01
7.146790027618408203e-01
6.609510183334350586e-01
1.007610678672790527e+00
6.494165062904357910e-01
8.224800229072570801e-01
9.373990893363952637e-01
5.918654799461364746e-01
7.383527755737304688e-01
7.105851173400878906e-01
9.744261503219604492e-01
6.532238721847534180e-01
8.420594334602355957e-01
9.376171231269836426e-01
6.665034294128417969e-01
6.288641095161437988e-01
6.382545828819274902e-01
7.077764272689819336e-01
1.028005242347717285e+00
6.500697731971740723e-01
7.674190998077392578e-01
9.186273813247680664e-01
6.220644712448120117e-01
6.708204746246337891e-01
7.424194812774658203e-01
9.643085598945617676e-01
7.074682712554931641e-01
6.984719634056091309e-01
7.236132025718688965e-01
9.740363359451293945e-01
5.794275403022766113e-01
7.350543737411499023e-01
7.098569869995117188e-01
9.577580094337463379e-01
5.971939563751220703e-01
6.899199485778808594e-01
6.816819906234741211e-01
9.672414064407348633e-01
6.244338750839233398e-01
7.458367943763732910e-01
7.166248559951782227e-01
9.721081852912902832e-01
7.807390093803405762e-01
7.413154244422912598e-01
9.409483671188354492e-01
5.769334435462951660e-01
7.007275819778442383e-01
6.774997115135192871e-01
9.669798612594604492e-01
5.880488157272338867e-01
7.159337401390075684e-01
7.528539896011352539e-01
9.660941362380981445e-01
6.999567747116088867e-01
7.251700758934020996e-01
7.068431377410888672e-01
9.722649455070495605e-01
6.022427678108215332e-01
7.103508710861206055e-01
6.622204780578613281e-01
9.838045835494995117e-01
