6.133254766464233398e-01
5.877401232719421387e-01
8.356565833091735840e-01
8.499315381050109863e-01
8.322002291679382324e-01
8.074179887771606445e-01
8.171728849411010742e-01
7.483360767364501953e-01
5.627780556678771973e-01
8.085755705833435059e-01
8.411447405815124512e-01
8.084984421730041504e-01
7.813886404037475586e-01
7.834943532943725586e-01
7.338639497756958008e-01
7.311391830444335938e-01
7.018150687217712402e-01
7.474392652511596680e-01
6.104729175567626953e-01
5.956866145133972168e-01
8.295142650604248047e-01
8.482500314712524414e-01
7.279920578002929688e-01
7.734667062759399414e-01
8.063511252403259277e-01
7.666377425193786621e-01
4.974678456783294678e-01
8.346658945083618164e-01
7.995097041130065918e-01
7.187960743904113770e-01
7.639567255973815918e-01
7.519183158874511719e-01
8.603772521018981934e-01
7.284228801727294922e-01
7.763279676437377930e-01
8.107147812843322754e-01
6.116068959236145020e-01
5.745815634727478027e-01
6.673982739448547363e-01
9.803342223167419434e-01
5.614520311355590820e-01
5.436449646949768066e-01
6.510327458381652832e-01
6.791897416114807129e-01
6.236177086830139160e-01
1.025380253791809082e+00
5.209210515022277832e-01
5.753404498100280762e-01
6.445695161819458008e-01
7.160238623619079590e-01
5.889589786529541016e-01
1.031709551811218262e+00
5.111384987831115723e-01
6.151906847953796387e-01
6.565555334091186523e-01
6.028104424476623535e-01
6.911911368370056152e-01
1.019504308700561523e+00
5.982387065887451172e-01
5.743497014045715332e-01
7.270924448966979980e-01
9.674433469772338867e-01
4.793809652328491211e-01
7.309821248054504395e-01
6.645885109901428223e-01
5.613396763801574707e-01
9.769931435585021973e-01
5.688628554344177246e-01
5.624744892120361328e-01
7.133801579475402832e-01
6.460531353950500488e-01
9.782035350799560547e-01
5.039610862731933594e-01
6.473557949066162109e-01
6.880220770835876465e-01
6.592522859573364258e-01
1.018099308013916016e+00
5.535719394683837891e-01
7.704689502716064453e-01
6.142442226409912109e-01
9.741298556327819824e-01
5.605284571647644043e-01
5.271052122116088867e-01
7.136288881301879883e-01
5.839754343032836914e-01
9.816122055053710938e-01
5.299800038337707520e-01
7.153257727622985840e-01
6.151486039161682129e-01
6.531734466552734375e-01
9.800710082054138184e-01
6.072261333465576172e-01
7.304217219352722168e-01
6.327388882637023926e-01
9.670493602752685547e-01
5.170569419860839844e-01
7.020634412765502930e-01
6.094857454299926758e-01
6.831994652748107910e-01
9.983676671981811523e-01
5.201448202133178711e-01
6.447556018829345703e-01
6.053881645202636719e-01
7.146310806274414062e-01
1.013660550117492676e+00
5.780079960823059082e-01
7.307563424110412598e-01
6.632329821586608887e-01
9.693207740783691406e-01
5.833588242530822754e-01
5.604968667030334473e-01
7.340831756591796875e-01
9.671232700347900391e-01
5.415566563606262207e-01
7.643880248069763184e-01
6.215711236000061035e-01
9.577853679656982422e-01
5.667634010314941406e-01
7.245923280715942383e-01
5.765492320060729980e-01
9.639580845832824707e-01
6.230200529098510742e-01
7.425776124000549316e-01
9.436534047126770020e-01
5.603321194648742676e-01
7.575120925903320312e-01
6.440841555595397949e-01
9.768925905227661133e-01
5.557764768600463867e-01
6.610377430915832520e-01
7.284372448921203613e-01
9.847295284271240234e-01
6.518004536628723145e-01
7.328356504440307617e-01
9.483845829963684082e-01
6.552163362503051758e-01
6.293227672576904297e-01
6.822355389595031738e-01
6.545535326004028320e-01
1.009214878082275391e+00
6.193569302558898926e-01
7.856221199035644531e-01
9.448916912078857422e-01
5.755794644355773926e-01
7.219170331954956055e-01
6.677128672599792480e-01
9.772044420242309570e-01
6.273255944252014160e-01
8.155065178871154785e-01
9.420951604843139648e-01
6.269137859344482422e-01
5.966221094131469727e-01
6.025207042694091797e-01
6.708585023880004883e-01
1.024984598159790039e+00
6.105216741561889648e-01
7.438253164291381836e-01
9.314903616905212402e-01
5.869480371475219727e-01
6.415129303932189941e-01
7.200856804847717285e-01
9.847728610038757324e-01
6.942492723464965820e-01
6.776447892189025879e-01
7.091751098632812500e-01
9.816641807556152344e-01
5.499857664108276367e-01
7.187119722366333008e-01
6.924908161163330078e-01
9.672386646270751953e-01
5.604112744331359863e-01
6.793089509010314941e-01
6.544107794761657715e-01
9.854791164398193359e-01
5.840906500816345215e-01
7.239120006561279297e-01
6.699855327606201172e-01
9.755517244338989258e-01
7.560975551605224609e-01
7.062795162200927734e-01
9.485765099525451660e-01
5.657811760902404785e-01
6.786456704139709473e-01
6.515510678291320801e-01
9.801614880561828613e-01
5.759928822517395020e-01
6.974574923515319824e-01
7.173283696174621582e-01
9.816121459007263184e-01
6.735664010047912598e-01
7.064656019210815430e-01
6.618279814720153809e-01
9.895002841949462891e-01
5.405411720275878906e-01
6.853610873222351074e-01
6.549296379089355469e-01
9.947265386581420898e-01
