6.064084172248840332e-01
5.499474406242370605e-01
8.041759729385375977e-01
8.061143755912780762e-01
7.841044664382934570e-01
7.466560006141662598e-01
7.576124072074890137e-01
7.211058139801025391e-01
5.151484012603759766e-01
7.461767792701721191e-01
7.850332856178283691e-01
7.381932139396667480e-01
7.271364927291870117e-01
7.340300083160400391e-01
6.368376612663269043e-01
6.601027846336364746e-01
6.827030777931213379e-01
6.789592504501342773e-01
5.516886115074157715e-01
5.545849800109863281e-01
7.685909271240234375e-01
7.809633612632751465e-01
6.740480065345764160e-01
7.088863849639892578e-01
7.621596455574035645e-01
7.268818616867065430e-01
4.607169330120086670e-01
7.418487668037414551e-01
7.494124174118041992e-01
6.549205780029296875e-01
6.922960877418518066e-01
6.974642276763916016e-01
7.813218832015991211e-01
6.572678685188293457e-01
6.951518654823303223e-01
7.477467656135559082e-01
5.861157774925231934e-01
5.691341161727905273e-01
6.492157578468322754e-01
9.571381211280822754e-01
5.438747406005859375e-01
5.212102532386779785e-01
6.190349459648132324e-01
6.629579663276672363e-01
5.838714241981506348e-01
9.929725527763366699e-01
5.073022842407226562e-01
5.350252985954284668e-01
6.230076551437377930e-01
6.737229824066162109e-01
5.725542902946472168e-01
9.631817340850830078e-01
5.021994113922119141e-01
5.815823078155517578e-01
6.297119855880737305e-01
5.715804696083068848e-01
6.828452348709106445e-01
9.722574949264526367e-01
5.706775784492492676e-01
5.528325438499450684e-01
7.057620882987976074e-01
9.357527494430541992e-01
4.984965622425079346e-01
7.119978666305541992e-01
6.492958664894104004e-01
5.510317683219909668e-01
9.146787524223327637e-01
5.231547951698303223e-01
5.204754471778869629e-01
6.969587802886962891e-01
6.156166195869445801e-01
9.504219889640808105e-01
4.762654304504394531e-01
6.129379868507385254e-01
6.760619878768920898e-01
6.345066428184509277e-01
9.476177692413330078e-01
5.035620331764221191e-01
7.458701133728027344e-01
6.035747528076171875e-01
9.330150485038757324e-01
5.531716942787170410e-01
5.284863710403442383e-01
6.899234652519226074e-01
5.576498508453369141e-01
9.272798299789428711e-01
4.998601377010345459e-01
7.020964026451110840e-01
5.938777327537536621e-01
6.467927694320678711e-01
9.405755996704101562e-01
5.950425267219543457e-01
7.109152674674987793e-01
6.119608879089355469e-01
9.306365847587585449e-01
4.879556894302368164e-01
6.680506467819213867e-01
5.777505636215209961e-01
6.577115058898925781e-01
9.403944015502929688e-01
4.883698225021362305e-01
6.158687472343444824e-01
6.024965047836303711e-01
6.928752660751342773e-01
9.676828980445861816e-01
5.318852663040161133e-01
7.036020159721374512e-01
6.545467376708984375e-01
9.369745254516601562e-01
5.798049569129943848e-01
5.431731939315795898e-01
7.122548222541809082e-01
9.359244704246520996e-01
5.271468162536621094e-01
7.541610598564147949e-01
5.935245752334594727e-01
9.200962185859680176e-01
5.579949617385864258e-01
6.941673755645751953e-01
5.678433775901794434e-01
9.253749251365661621e-01
5.979865193367004395e-01
7.207599282264709473e-01
9.280329942703247070e-01
5.444309115409851074e-01
7.322014570236206055e-01
6.189714074134826660e-01
9.302160143852233887e-01
5.444034934043884277e-01
6.319081783294677734e-01
6.752648353576660156e-01
9.355683326721191406e-01
6.263822913169860840e-01
6.975626945495605469e-01
9.309883713722229004e-01
6.148003339767456055e-01
6.156316399574279785e-01
6.621808409690856934e-01
6.189142465591430664e-01
9.462875723838806152e-01
5.926828384399414062e-01
7.596535086631774902e-01
9.234908223152160645e-01
5.495533347129821777e-01
6.871803402900695801e-01
6.406916379928588867e-01
9.440958499908447266e-01
5.983005762100219727e-01
7.864491939544677734e-01
9.054788947105407715e-01
5.890235304832458496e-01
5.784757137298583984e-01
5.713315010070800781e-01
6.512912511825561523e-01
9.640529155731201172e-01
6.099199056625366211e-01
7.229152321815490723e-01
9.186978340148925781e-01
5.952537655830383301e-01
6.204170584678649902e-01
6.917120814323425293e-01
9.407211542129516602e-01
6.774594783782958984e-01
6.511141657829284668e-01
6.644922494888305664e-01
9.374005794525146484e-01
5.394774675369262695e-01
6.821737289428710938e-01
6.611347198486328125e-01
9.346181750297546387e-01
5.365293025970458984e-01
6.432456374168395996e-01
6.304990649223327637e-01
9.592356085777282715e-01
5.451714396476745605e-01
6.656623482704162598e-01
6.652418971061706543e-01
9.470393061637878418e-01
7.231769561767578125e-01
7.012844085693359375e-01
9.136925935745239258e-01
5.474529266357421875e-01
6.648741364479064941e-01
6.496381163597106934e-01
9.540075063705444336e-01
5.492284297943115234e-01
6.549361944198608398e-01
7.039493322372436523e-01
9.341018795967102051e-01
6.588873267173767090e-01
6.632541418075561523e-01
6.381985545158386230e-01
9.290519356727600098e-01
5.268926024436950684e-01
6.519924998283386230e-01
6.247093081474304199e-01
9.616770148277282715e-01
