6.448507905006408691e-01
6.108287572860717773e-01
8.829810023307800293e-01
9.032499194145202637e-01
8.883972764015197754e-01
8.595902919769287109e-01
8.604254722595214844e-01
7.911544442176818848e-01
6.107153296470642090e-01
8.668402433395385742e-01
8.970475792884826660e-01
8.433254957199096680e-01
8.624543547630310059e-01
8.384433388710021973e-01
7.759261727333068848e-01
8.311396241188049316e-01
7.835280299186706543e-01
7.926409840583801270e-01
6.327472925186157227e-01
6.186373829841613770e-01
8.862815499305725098e-01
9.061673283576965332e-01
7.809755206108093262e-01
7.992100715637207031e-01
8.433221578598022461e-01
8.202434778213500977e-01
5.267646312713623047e-01
8.652686476707458496e-01
8.648238778114318848e-01
7.899659872055053711e-01
8.293722271919250488e-01
8.085703253746032715e-01
9.292849898338317871e-01
7.907052040100097656e-01
8.324221372604370117e-01
8.683459162712097168e-01
6.346189379692077637e-01
6.032937169075012207e-01
7.032126188278198242e-01
9.820291996002197266e-01
5.942751169204711914e-01
5.715103149414062500e-01
6.693246960639953613e-01
7.191378474235534668e-01
6.419429779052734375e-01
1.059324741363525391e+00
5.378850102424621582e-01
5.960222482681274414e-01
6.756407618522644043e-01
7.481363415718078613e-01
6.245570778846740723e-01
1.050814628601074219e+00
5.281862616539001465e-01
6.469907760620117188e-01
6.953427195549011230e-01
6.431257724761962891e-01
7.500427365303039551e-01
1.047286272048950195e+00
6.302962899208068848e-01
6.233290433883666992e-01
7.698525786399841309e-01
9.898896217346191406e-01
5.210906267166137695e-01
7.755937576293945312e-01
7.127445936203002930e-01
6.249919533729553223e-01
1.003981232643127441e+00
5.679085850715637207e-01
5.534347295761108398e-01
7.505784630775451660e-01
6.857736706733703613e-01
1.010842800140380859e+00
5.346609950065612793e-01
6.885671019554138184e-01
7.229079604148864746e-01
7.153086662292480469e-01
1.030258297920227051e+00
5.788562297821044922e-01
7.980812788009643555e-01
6.301062703132629395e-01
9.937839508056640625e-01
5.853648781776428223e-01
5.753383040428161621e-01
7.560540437698364258e-01
6.138315200805664062e-01
1.008176088333129883e+00
5.591402649879455566e-01
7.631263136863708496e-01
6.362620592117309570e-01
6.910343170166015625e-01
1.009638071060180664e+00
6.102801561355590820e-01
7.781867384910583496e-01
6.637080907821655273e-01
9.837550520896911621e-01
5.307553410530090332e-01
7.285096049308776855e-01
6.244429945945739746e-01
7.324270606040954590e-01
1.023344874382019043e+00
5.580434799194335938e-01
6.927679777145385742e-01
6.417368054389953613e-01
7.568196654319763184e-01
1.026757001876831055e+00
6.028886437416076660e-01
7.861976623535156250e-01
7.026438713073730469e-01
9.870967268943786621e-01
6.281513571739196777e-01
5.908219814300537109e-01
7.737781405448913574e-01
9.797176122665405273e-01
5.773967504501342773e-01
8.146500587463378906e-01
6.516294479370117188e-01
9.787017703056335449e-01
6.060135364532470703e-01
7.742425799369812012e-01
6.297752261161804199e-01
9.902407526969909668e-01
6.403573155403137207e-01
8.065643906593322754e-01
9.520148038864135742e-01
5.744380354881286621e-01
8.017222285270690918e-01
6.882332563400268555e-01
9.927726984024047852e-01
5.651326775550842285e-01
6.904719471931457520e-01
7.509730458259582520e-01
1.002294540405273438e+00
6.608054637908935547e-01
7.577478289604187012e-01
9.527621865272521973e-01
6.859911084175109863e-01
6.552876830101013184e-01
7.131022810935974121e-01
6.866632699966430664e-01
1.029294848442077637e+00
6.523339152336120605e-01
8.206178545951843262e-01
9.654338955879211426e-01
6.105217933654785156e-01
7.596539855003356934e-01
6.945406198501586914e-01
1.001805663108825684e+00
6.443424224853515625e-01
8.495697379112243652e-01
9.604665637016296387e-01
6.797623038291931152e-01
6.411439776420593262e-01
6.716421842575073242e-01
7.148827314376831055e-01
1.059723138809204102e+00
6.646733880043029785e-01
7.733604311943054199e-01
9.529018998146057129e-01
6.372421383857727051e-01
6.835479140281677246e-01
7.665780186653137207e-01
9.893066287040710449e-01
7.297545671463012695e-01
7.050725817680358887e-01
7.319749593734741211e-01
9.954974651336669922e-01
6.175189018249511719e-01
7.605050802230834961e-01
7.375367283821105957e-01
9.915837645530700684e-01
6.139978170394897461e-01
7.165830731391906738e-01
6.771949529647827148e-01
9.947002530097961426e-01
5.981343388557434082e-01
7.373697757720947266e-01
7.059550881385803223e-01
1.000540137290954590e+00
7.821381688117980957e-01
7.517815828323364258e-01
9.629670977592468262e-01
5.833817124366760254e-01
7.143194675445556641e-01
6.816145181655883789e-01
9.907351136207580566e-01
6.073083877563476562e-01
7.234408855438232422e-01
7.587614655494689941e-01
9.875204563140869141e-01
7.128683328628540039e-01
7.336989641189575195e-01
6.883062124252319336e-01
1.006113290786743164e+00
6.013541221618652344e-01
7.050428986549377441e-01
6.734049916267395020e-01
1.011949300765991211e+00
