5.907728672027587891e-01
5.784827470779418945e-01
8.537738919258117676e-01
8.525343537330627441e-01
8.289137482643127441e-01
8.064204454421997070e-01
8.179368972778320312e-01
7.657876610755920410e-01
5.771743655204772949e-01
8.184798955917358398e-01
8.587353229522705078e-01
8.015705943107604980e-01
8.028699159622192383e-01
7.824502587318420410e-01
7.289195656776428223e-01
7.663607001304626465e-01
7.384575009346008301e-01
7.445979714393615723e-01
6.080391407012939453e-01
5.785388350486755371e-01
8.386691808700561523e-01
8.469187021255493164e-01
7.497430443763732910e-01
7.651029229164123535e-01
7.963067889213562012e-01
7.827646732330322266e-01
4.644821882247924805e-01
8.406435251235961914e-01
8.143312335014343262e-01
7.264562249183654785e-01
7.676546573638916016e-01
7.671825885772705078e-01
8.614518642425537109e-01
7.352009415626525879e-01
7.761722207069396973e-01
8.151230812072753906e-01
6.084943413734436035e-01
5.928836464881896973e-01
6.654395461082458496e-01
9.582565426826477051e-01
5.575245022773742676e-01
5.082657933235168457e-01
6.446352601051330566e-01
6.996234059333801270e-01
6.191276311874389648e-01
1.008797883987426758e+00
5.078015923500061035e-01
5.880174636840820312e-01
6.360123753547668457e-01
6.977213621139526367e-01
5.978063344955444336e-01
1.009043455123901367e+00
5.171788930892944336e-01
5.886273980140686035e-01
6.507368087768554688e-01
6.039365530014038086e-01
7.028272747993469238e-01
1.003812432289123535e+00
5.987763404846191406e-01
5.766339302062988281e-01
7.241218090057373047e-01
9.503028988838195801e-01
4.981210827827453613e-01
7.326118350028991699e-01
6.895764470100402832e-01
5.773717761039733887e-01
9.736601114273071289e-01
5.580615401268005371e-01
5.309003591537475586e-01
7.171142101287841797e-01
6.278988718986511230e-01
9.711645841598510742e-01
5.043505430221557617e-01
6.289235949516296387e-01
6.803562045097351074e-01
6.519880294799804688e-01
9.867246150970458984e-01
5.418952703475952148e-01
7.705937623977661133e-01
6.064852476119995117e-01
9.632584452629089355e-01
5.560610294342041016e-01
5.213268399238586426e-01
7.222680449485778809e-01
5.944388508796691895e-01
9.728500843048095703e-01
5.095621943473815918e-01
7.244905829429626465e-01
5.873671174049377441e-01
6.560497879981994629e-01
9.653059840202331543e-01
5.976086854934692383e-01
7.276230454444885254e-01
6.467526555061340332e-01
9.645068049430847168e-01
5.025244951248168945e-01
7.059078812599182129e-01
5.880116224288940430e-01
6.864553093910217285e-01
9.791948199272155762e-01
5.406314730644226074e-01
6.510957479476928711e-01
6.158868074417114258e-01
7.014051675796508789e-01
9.937557578086853027e-01
5.566223263740539551e-01
7.267791628837585449e-01
6.738008260726928711e-01
9.549353718757629395e-01
5.920423865318298340e-01
5.600354671478271484e-01
7.517232298851013184e-01
9.625737667083740234e-01
5.532212257385253906e-01
7.674286365509033203e-01
6.097424626350402832e-01
9.452936649322509766e-01
5.835601687431335449e-01
7.354769706726074219e-01
5.915273427963256836e-01
9.474404454231262207e-01
6.369607448577880859e-01
7.563055157661437988e-01
9.175912737846374512e-01
5.531575083732604980e-01
7.629522681236267090e-01
6.466623544692993164e-01
9.694876074790954590e-01
5.820342302322387695e-01
6.725118756294250488e-01
7.220827341079711914e-01
9.770520925521850586e-01
6.549208164215087891e-01
7.251145839691162109e-01
9.264954924583435059e-01
6.549610495567321777e-01
6.271694898605346680e-01
6.857831478118896484e-01
6.441015005111694336e-01
9.833180308341979980e-01
6.604220867156982422e-01
7.996531128883361816e-01
9.282640218734741211e-01
5.742992162704467773e-01
7.059254646301269531e-01
6.674066781997680664e-01
9.611191153526306152e-01
6.296546459197998047e-01
8.174266815185546875e-01
9.385187029838562012e-01
6.193426251411437988e-01
5.919965505599975586e-01
6.019080877304077148e-01
6.680433154106140137e-01
1.001986026763916016e+00
6.161920428276062012e-01
7.359055280685424805e-01
9.019908308982849121e-01
6.176968216896057129e-01
6.583637595176696777e-01
7.199634909629821777e-01
9.545531868934631348e-01
6.963888406753540039e-01
6.828381419181823730e-01
6.868155002593994141e-01
9.648871421813964844e-01
5.542872548103332520e-01
7.115244865417480469e-01
6.876491308212280273e-01
9.494938850402832031e-01
5.749639868736267090e-01
6.803666353225708008e-01
6.558322310447692871e-01
9.513970017433166504e-01
6.035083532333374023e-01
7.082160711288452148e-01
6.802172064781188965e-01
9.611180424690246582e-01
7.441658973693847656e-01
7.415708303451538086e-01
9.399403929710388184e-01
5.574460625648498535e-01
6.675323843955993652e-01
6.587124466896057129e-01
9.551538228988647461e-01
5.723664760589599609e-01
6.936496496200561523e-01
7.060638666152954102e-01
9.562537074089050293e-01
6.846433877944946289e-01
6.865088939666748047e-01
6.681219935417175293e-01
9.665060043334960938e-01
5.646724104881286621e-01
6.585133671760559082e-01
6.474713087081909180e-01
9.537515640258789062e-01
