5.837231278419494629e-01
5.221437215805053711e-01
7.594438791275024414e-01
7.450464963912963867e-01
7.305968403816223145e-01
7.183059453964233398e-01
7.014219164848327637e-01
6.982423663139343262e-01
5.205307006835937500e-01
6.725658178329467773e-01
7.397006154060363770e-01
6.672877073287963867e-01
6.629075407981872559e-01
6.911465525627136230e-01
6.157206892967224121e-01
6.151862740516662598e-01
6.519812345504760742e-01
6.354835629463195801e-01
5.441340208053588867e-01
5.315425992012023926e-01
7.403168082237243652e-01
7.374946475028991699e-01
6.458412408828735352e-01
6.435804367065429688e-01
7.059971690177917480e-01
6.949833035469055176e-01
4.554141759872436523e-01
7.111316323280334473e-01
7.069079875946044922e-01
6.238273978233337402e-01
6.494536995887756348e-01
6.585081219673156738e-01
7.418422102928161621e-01
5.992634296417236328e-01
6.302748918533325195e-01
6.975042819976806641e-01
5.612849593162536621e-01
5.413442254066467285e-01
6.194148659706115723e-01
9.348325729370117188e-01
5.177218914031982422e-01
4.950721859931945801e-01
5.979980826377868652e-01
6.312472820281982422e-01
5.617102980613708496e-01
9.613590240478515625e-01
4.676342606544494629e-01
4.971701204776763916e-01
5.889196991920471191e-01
6.323517560958862305e-01
5.475857257843017578e-01
9.265828728675842285e-01
4.676830470561981201e-01
5.646145939826965332e-01
6.127744913101196289e-01
5.589519143104553223e-01
6.460640430450439453e-01
9.371050000190734863e-01
5.487073659896850586e-01
5.266373753547668457e-01
6.830318570137023926e-01
9.091406464576721191e-01
4.600439667701721191e-01
6.730490922927856445e-01
5.966054797172546387e-01
5.325922369956970215e-01
8.724897503852844238e-01
5.018562078475952148e-01
4.794275760650634766e-01
6.556090116500854492e-01
5.944843292236328125e-01
8.919563889503479004e-01
4.717947542667388916e-01
5.746263861656188965e-01
6.468080282211303711e-01
6.152036786079406738e-01
9.067139029502868652e-01
4.735719263553619385e-01
7.153369784355163574e-01
5.830960869789123535e-01
8.805601596832275391e-01
5.257284045219421387e-01
4.903962314128875732e-01
6.509894728660583496e-01
5.436845421791076660e-01
8.853340148925781250e-01
4.676832854747772217e-01
6.685485243797302246e-01
5.286950469017028809e-01
6.141952276229858398e-01
8.931926488876342773e-01
5.467967987060546875e-01
6.810415387153625488e-01
6.018592119216918945e-01
8.976432681083679199e-01
4.835567772388458252e-01
6.579349637031555176e-01
5.469297170639038086e-01
6.090977787971496582e-01
9.094367623329162598e-01
4.952591061592102051e-01
6.008361577987670898e-01
5.632553696632385254e-01
6.763533353805541992e-01
9.363107681274414062e-01
5.068262815475463867e-01
6.959186792373657227e-01
6.271075606346130371e-01
8.853906989097595215e-01
5.371782183647155762e-01
5.274361371994018555e-01
6.865521073341369629e-01
9.006600379943847656e-01
5.240062475204467773e-01
7.234835624694824219e-01
5.798562169075012207e-01
8.743487000465393066e-01
5.526025295257568359e-01
6.732231974601745605e-01
5.413776040077209473e-01
8.830881118774414062e-01
5.945718288421630859e-01
7.061123251914978027e-01
8.990103006362915039e-01
5.236390829086303711e-01
7.052969336509704590e-01
5.914437174797058105e-01
8.835261464118957520e-01
5.125176906585693359e-01
6.116724014282226562e-01
6.533935070037841797e-01
9.091859459877014160e-01
6.049563884735107422e-01
6.926798820495605469e-01
9.032886028289794922e-01
5.968253016471862793e-01
5.791127085685729980e-01
6.300002336502075195e-01
6.000334024429321289e-01
9.086277484893798828e-01
5.900293588638305664e-01
7.434311509132385254e-01
8.723906278610229492e-01
5.186981558799743652e-01
6.736698150634765625e-01
6.097585558891296387e-01
9.077959656715393066e-01
5.801955461502075195e-01
7.618765234947204590e-01
8.746726512908935547e-01
5.716289281845092773e-01
5.429803133010864258e-01
5.533619523048400879e-01
6.146936416625976562e-01
9.142620563507080078e-01
5.991527438163757324e-01
7.023248672485351562e-01
8.852161169052124023e-01
5.804114937782287598e-01
6.037233471870422363e-01
6.838401556015014648e-01
9.011951684951782227e-01
6.479268074035644531e-01
6.315163969993591309e-01
6.380239725112915039e-01
8.937524557113647461e-01
5.514873862266540527e-01
6.802683472633361816e-01
6.425235271453857422e-01
8.999390602111816406e-01
5.129318237304687500e-01
6.235200166702270508e-01
6.072561740875244141e-01
9.254369735717773438e-01
5.297430157661437988e-01
6.511867046356201172e-01
6.440024971961975098e-01
9.173731803894042969e-01
7.025562524795532227e-01
6.708526015281677246e-01
8.742957711219787598e-01
5.231335759162902832e-01
6.266113519668579102e-01
6.073909401893615723e-01
9.286546707153320312e-01
5.322797298431396484e-01
6.409357786178588867e-01
6.693520545959472656e-01
9.072665572166442871e-01
6.505973935127258301e-01
6.387175321578979492e-01
6.174150705337524414e-01
8.874188661575317383e-01
5.170422196388244629e-01
6.341024041175842285e-01
5.972485542297363281e-01
9.290066957473754883e-01
