6.430468559265136719e-01
5.976905822753906250e-01
8.411784768104553223e-01
8.822079300880432129e-01
8.554106950759887695e-01
8.305045962333679199e-01
8.336417078971862793e-01
7.688696980476379395e-01
6.062643527984619141e-01
8.363924026489257812e-01
8.778833746910095215e-01
8.292325735092163086e-01
8.228546977043151855e-01
8.265109062194824219e-01
7.566730380058288574e-01
7.819737195968627930e-01
7.675408124923706055e-01
7.745475172996520996e-01
6.390990614891052246e-01
5.979487895965576172e-01
8.620876669883728027e-01
8.712705373764038086e-01
7.538951039314270020e-01
7.676401138305664062e-01
8.236649036407470703e-01
8.059026598930358887e-01
5.296867489814758301e-01
8.574057817459106445e-01
8.443327546119689941e-01
7.725673317909240723e-01
7.898257970809936523e-01
7.830624580383300781e-01
8.909364938735961914e-01
7.603195309638977051e-01
7.949917316436767578e-01
8.558826446533203125e-01
6.234538555145263672e-01
6.097670197486877441e-01
6.870476603507995605e-01
9.768924713134765625e-01
5.763243436813354492e-01
5.595733523368835449e-01
6.639878749847412109e-01
7.072840332984924316e-01
6.409555077552795410e-01
1.049777626991271973e+00
5.190186500549316406e-01
5.947371125221252441e-01
6.789958477020263672e-01
7.183731794357299805e-01
5.996334552764892578e-01
1.045557737350463867e+00
5.497953891754150391e-01
6.183875203132629395e-01
6.703790426254272461e-01
6.244136095046997070e-01
7.227593064308166504e-01
1.036662578582763672e+00
6.145718693733215332e-01
6.062238216400146484e-01
7.550728917121887207e-01
9.764835238456726074e-01
5.142034888267517090e-01
7.545720934867858887e-01
6.880347132682800293e-01
6.051518917083740234e-01
9.909885525703430176e-01
5.510701537132263184e-01
5.646921992301940918e-01
7.428513765335083008e-01
6.610257029533386230e-01
1.001214981079101562e+00
5.216583013534545898e-01
6.679757237434387207e-01
7.065085172653198242e-01
6.817673444747924805e-01
1.023437261581420898e+00
5.549505949020385742e-01
7.864961028099060059e-01
6.347537636756896973e-01
9.839978814125061035e-01
5.870895981788635254e-01
5.349181294441223145e-01
7.476213574409484863e-01
6.011294126510620117e-01
9.868422150611877441e-01
5.546708703041076660e-01
7.457113265991210938e-01
6.141969561576843262e-01
6.956618428230285645e-01
9.978842735290527344e-01
5.924063920974731445e-01
7.517309784889221191e-01
6.617120504379272461e-01
9.698782563209533691e-01
5.453394651412963867e-01
7.153406739234924316e-01
6.026460528373718262e-01
7.077600955963134766e-01
1.013936519622802734e+00
5.427558422088623047e-01
6.778963804244995117e-01
6.315457820892333984e-01
7.363323569297790527e-01
1.015317082405090332e+00
5.644224286079406738e-01
7.292535305023193359e-01
6.742208003997802734e-01
9.773478507995605469e-01
6.083613038063049316e-01
5.845940113067626953e-01
7.722204327583312988e-01
9.721152186393737793e-01
5.786327123641967773e-01
7.921819686889648438e-01
6.293216943740844727e-01
9.618893265724182129e-01
5.779018402099609375e-01
7.372655868530273438e-01
6.094397306442260742e-01
9.735382795333862305e-01
6.308937668800354004e-01
7.825875282287597656e-01
9.395325183868408203e-01
5.927050709724426270e-01
7.822527885437011719e-01
6.593794822692871094e-01
9.873843193054199219e-01
5.836654901504516602e-01
6.873479485511779785e-01
7.448503971099853516e-01
9.901095032691955566e-01
6.433237791061401367e-01
7.532544136047363281e-01
9.526744484901428223e-01
6.714310646057128906e-01
6.434227228164672852e-01
7.103598117828369141e-01
6.611289381980895996e-01
1.024632334709167480e+00
6.576815247535705566e-01
8.084012269973754883e-01
9.521344304084777832e-01
5.961481332778930664e-01
7.265795469284057617e-01
6.786439418792724609e-01
9.836502671241760254e-01
6.283191442489624023e-01
8.210636973381042480e-01
9.545896649360656738e-01
6.618352532386779785e-01
6.215256452560424805e-01
6.399205327033996582e-01
6.990599036216735840e-01
1.039516091346740723e+00
6.527457833290100098e-01
7.576175332069396973e-01
9.449914693832397461e-01
6.210969090461730957e-01
6.562947034835815430e-01
7.534763813018798828e-01
9.904595017433166504e-01
7.217851281166076660e-01
6.906292438507080078e-01
7.031401991844177246e-01
9.816259145736694336e-01
5.809636116027832031e-01
7.324064373970031738e-01
7.183007597923278809e-01
9.782037734985351562e-01
5.819985270500183105e-01
6.933660507202148438e-01
6.767321228981018066e-01
9.949510097503662109e-01
5.716459155082702637e-01
7.359132766723632812e-01
7.101160287857055664e-01
9.809970855712890625e-01
7.638825178146362305e-01
7.515857815742492676e-01
9.584453105926513672e-01
5.919580459594726562e-01
7.019984126091003418e-01
6.718186140060424805e-01
9.896163940429687500e-01
5.781842470169067383e-01
7.097347378730773926e-01
7.378687858581542969e-01
9.840217232704162598e-01
7.107076048851013184e-01
7.152327299118041992e-01
6.882859468460083008e-01
9.941699504852294922e-01
6.146117448806762695e-01
6.913165450096130371e-01
6.623991727828979492e-01
1.007233500480651855e+00
