6.064888238906860352e-01
5.532244443893432617e-01
8.167197108268737793e-01
8.031221628189086914e-01
7.987990379333496094e-01
7.729479074478149414e-01
7.818281054496765137e-01
7.325892448425292969e-01
5.586150288581848145e-01
7.451616525650024414e-01
8.020272254943847656e-01
7.518364191055297852e-01
7.251948714256286621e-01
7.512025833129882812e-01
6.699380278587341309e-01
6.971000432968139648e-01
6.849104166030883789e-01
6.948978900909423828e-01
5.796953439712524414e-01
5.625107288360595703e-01
7.895763516426086426e-01
8.023967742919921875e-01
6.921662092208862305e-01
7.266035676002502441e-01
7.652943134307861328e-01
7.380189895629882812e-01
4.721296131610870361e-01
7.901281118392944336e-01
7.559220194816589355e-01
6.914792060852050781e-01
7.078775763511657715e-01
7.087181806564331055e-01
8.188300728797912598e-01
6.796221733093261719e-01
7.177005410194396973e-01
7.596309185028076172e-01
5.908613204956054688e-01
5.672394633293151855e-01
6.543555855751037598e-01
9.493936300277709961e-01
5.448620915412902832e-01
5.255232453346252441e-01
6.235328316688537598e-01
6.723199486732482910e-01
5.726064443588256836e-01
9.985480904579162598e-01
4.973609447479248047e-01
5.586475133895874023e-01
6.168733835220336914e-01
6.711348295211791992e-01
5.605643987655639648e-01
9.814003705978393555e-01
5.015817284584045410e-01
5.796319246292114258e-01
6.524286866188049316e-01
5.922719836235046387e-01
6.832195520401000977e-01
9.773014187812805176e-01
5.752483606338500977e-01
5.715284347534179688e-01
6.993997693061828613e-01
9.416183233261108398e-01
4.899089038372039795e-01
6.951944828033447266e-01
6.477490067481994629e-01
5.670732855796813965e-01
9.356100559234619141e-01
5.235659480094909668e-01
4.996668100357055664e-01
6.937882304191589355e-01
6.095443964004516602e-01
9.396356940269470215e-01
4.850629568099975586e-01
6.075656414031982422e-01
6.658785939216613770e-01
6.298688650131225586e-01
9.726443290710449219e-01
4.927043914794921875e-01
7.406350374221801758e-01
5.885852575302124023e-01
9.298186302185058594e-01
5.152282714843750000e-01
5.188679695129394531e-01
7.017987370491027832e-01
5.397981405258178711e-01
9.325065016746520996e-01
5.099985003471374512e-01
7.059599161148071289e-01
5.865904092788696289e-01
6.235489845275878906e-01
9.414464235305786133e-01
5.443244576454162598e-01
7.156814336776733398e-01
6.163905262947082520e-01
9.448016285896301270e-01
4.644449651241302490e-01
6.606472730636596680e-01
5.562987923622131348e-01
6.463455557823181152e-01
9.554284214973449707e-01
5.075809955596923828e-01
6.499170064926147461e-01
5.889917612075805664e-01
6.942712068557739258e-01
9.786515831947326660e-01
5.355995893478393555e-01
7.031080126762390137e-01
6.489282846450805664e-01
9.300072789192199707e-01
5.768115520477294922e-01
5.543277859687805176e-01
7.163885235786437988e-01
9.383744001388549805e-01
5.182010531425476074e-01
7.486298680305480957e-01
5.887511372566223145e-01
9.166444540023803711e-01
5.535910725593566895e-01
7.057932615280151367e-01
5.859098434448242188e-01
9.247828125953674316e-01
5.929002165794372559e-01
7.340405583381652832e-01
9.195294380187988281e-01
5.322285890579223633e-01
7.305307984352111816e-01
6.210937500000000000e-01
9.382115006446838379e-01
5.391020178794860840e-01
6.331946849822998047e-01
6.825393438339233398e-01
9.490240812301635742e-01
6.259661912918090820e-01
7.074084281921386719e-01
9.263898730278015137e-01
6.233367323875427246e-01
5.949384570121765137e-01
6.659252047538757324e-01
6.204636096954345703e-01
9.556873440742492676e-01
6.105015277862548828e-01
7.621237635612487793e-01
9.127592444419860840e-01
5.606480836868286133e-01
6.941331028938293457e-01
6.371535658836364746e-01
9.579193592071533203e-01
6.106835603713989258e-01
7.921083569526672363e-01
9.054019451141357422e-01
6.018594503402709961e-01
5.730640888214111328e-01
5.796307325363159180e-01
6.536248922348022461e-01
9.777439832687377930e-01
6.110507845878601074e-01
7.205482125282287598e-01
9.064297080039978027e-01
5.681272745132446289e-01
6.225630640983581543e-01
6.860570907592773438e-01
9.560225605964660645e-01
6.851750016212463379e-01
6.576012372970581055e-01
6.608154177665710449e-01
9.451786875724792480e-01
5.707898736000061035e-01
6.844692230224609375e-01
6.877779364585876465e-01
9.373912811279296875e-01
5.498884916305541992e-01
6.418931484222412109e-01
6.308797001838684082e-01
9.657911658287048340e-01
5.393449664115905762e-01
6.640529632568359375e-01
6.408832073211669922e-01
9.566125869750976562e-01
7.187293171882629395e-01
7.183039188385009766e-01
9.193407297134399414e-01
5.592215657234191895e-01
6.523231267929077148e-01
6.462709307670593262e-01
9.616145491600036621e-01
5.320673584938049316e-01
6.711503267288208008e-01
6.977494955062866211e-01
9.338712096214294434e-01
6.541061401367187500e-01
6.761191487312316895e-01
6.400492787361145020e-01
9.435327053070068359e-01
5.556672215461730957e-01
6.471515893936157227e-01
6.257476210594177246e-01
9.662653207778930664e-01
