6.092096567153930664e-01
5.511913895606994629e-01
8.040261268615722656e-01
8.076626658439636230e-01
7.842595577239990234e-01
7.480390667915344238e-01
7.585157155990600586e-01
7.217401862144470215e-01
5.158897638320922852e-01
7.460390329360961914e-01
7.849833965301513672e-01
7.391645908355712891e-01
7.283976674079895020e-01
7.349067330360412598e-01
6.351752281188964844e-01
6.609532833099365234e-01
6.820370554924011230e-01
6.811696887016296387e-01
5.496543049812316895e-01
5.521715283393859863e-01
7.713510394096374512e-01
7.787405252456665039e-01
6.738922595977783203e-01
7.102582454681396484e-01
7.615409493446350098e-01
7.268437743186950684e-01
4.601544141769409180e-01
7.430441975593566895e-01
7.516366839408874512e-01
6.560712456703186035e-01
6.928669810295104980e-01
6.962704658508300781e-01
7.819860577583312988e-01
6.579555869102478027e-01
6.955000758171081543e-01
7.504861354827880859e-01
5.876181721687316895e-01
5.662277340888977051e-01
6.504598259925842285e-01
9.571381211280822754e-01
5.474904179573059082e-01
5.231256484985351562e-01
6.195200681686401367e-01
6.661069393157958984e-01
5.807936787605285645e-01
9.929725527763366699e-01
5.072163343429565430e-01
5.357272624969482422e-01
6.221823692321777344e-01
6.732698082923889160e-01
5.714105367660522461e-01
9.631817340850830078e-01
5.034431219100952148e-01
5.836236476898193359e-01
6.281587481498718262e-01
5.736550092697143555e-01
6.840860247611999512e-01
9.722574949264526367e-01
5.710459351539611816e-01
5.534538030624389648e-01
7.035961747169494629e-01
9.357527494430541992e-01
4.960280060768127441e-01
7.127478122711181641e-01
6.494183540344238281e-01
5.515218973159790039e-01
9.146787524223327637e-01
5.213255286216735840e-01
5.196634531021118164e-01
6.958077549934387207e-01
6.130720973014831543e-01
9.504219889640808105e-01
4.756658077239990234e-01
6.111435890197753906e-01
6.747610569000244141e-01
6.342790722846984863e-01
9.476177692413330078e-01
5.077909827232360840e-01
7.452722191810607910e-01
6.015949249267578125e-01
9.330150485038757324e-01
5.523222684860229492e-01
5.291994810104370117e-01
6.910209059715270996e-01
5.577808618545532227e-01
9.272798299789428711e-01
5.004474520683288574e-01
7.021235823631286621e-01
5.940531492233276367e-01
6.424217820167541504e-01
9.405755996704101562e-01
5.938256978988647461e-01
7.122453451156616211e-01
6.139281392097473145e-01
9.306365847587585449e-01
4.855465888977050781e-01
6.690227389335632324e-01
5.759127140045166016e-01
6.576649546623229980e-01
9.403944015502929688e-01
4.878115355968475342e-01
6.166563034057617188e-01
6.013963222503662109e-01
6.938421726226806641e-01
9.676828980445861816e-01
5.325716733932495117e-01
7.058426737785339355e-01
6.546789407730102539e-01
9.369745254516601562e-01
5.791342854499816895e-01
5.425831079483032227e-01
7.138261198997497559e-01
9.359244704246520996e-01
5.278629064559936523e-01
7.537072896957397461e-01
5.932875275611877441e-01
9.200962185859680176e-01
5.559099316596984863e-01
6.950401067733764648e-01
5.685040354728698730e-01
9.253749251365661621e-01
5.976492762565612793e-01
7.209093570709228516e-01
9.280329942703247070e-01
5.426287651062011719e-01
7.310357689857482910e-01
6.191154122352600098e-01
9.302160143852233887e-01
5.466822385787963867e-01
6.294354796409606934e-01
6.718415021896362305e-01
9.355683326721191406e-01
6.302210092544555664e-01
6.994352936744689941e-01
9.309883713722229004e-01
6.145492792129516602e-01
6.162607073783874512e-01
6.621846556663513184e-01
6.196294426918029785e-01
9.462875723838806152e-01
5.933337807655334473e-01
7.599291205406188965e-01
9.234908223152160645e-01
5.487807989120483398e-01
6.863700747489929199e-01
6.394978761672973633e-01
9.440958499908447266e-01
5.984165668487548828e-01
7.850058674812316895e-01
9.054788947105407715e-01
5.900051593780517578e-01
5.780020356178283691e-01
5.725286602973937988e-01
6.502414345741271973e-01
9.640529155731201172e-01
6.070242524147033691e-01
7.227918505668640137e-01
9.186978340148925781e-01
5.938277244567871094e-01
6.193513870239257812e-01
6.932265758514404297e-01
9.407211542129516602e-01
6.759740114212036133e-01
6.517670750617980957e-01
6.653067469596862793e-01
9.374005794525146484e-01
5.393419265747070312e-01
6.807824373245239258e-01
6.603751778602600098e-01
9.346181750297546387e-01
5.364127755165100098e-01
6.438298821449279785e-01
6.279808282852172852e-01
9.592356085777282715e-01
5.476896762847900391e-01
6.648119688034057617e-01
6.644011139869689941e-01
9.470393061637878418e-01
7.239461541175842285e-01
7.029334902763366699e-01
9.136925935745239258e-01
5.486714839935302734e-01
6.648038029670715332e-01
6.505843400955200195e-01
9.540075063705444336e-01
5.483654141426086426e-01
6.548638939857482910e-01
7.037746310234069824e-01
9.341018795967102051e-01
6.594172120094299316e-01
6.629463434219360352e-01
6.380276679992675781e-01
9.290519356727600098e-01
5.285437107086181641e-01
6.517069935798645020e-01
6.251589655876159668e-01
9.616770148277282715e-01
