5.548566579818725586e-01
5.416629910469055176e-01
7.867742180824279785e-01
7.689964175224304199e-01
7.552255988121032715e-01
7.448982596397399902e-01
7.320641875267028809e-01
6.871404051780700684e-01
4.939732849597930908e-01
7.067901492118835449e-01
7.553865909576416016e-01
7.115454077720642090e-01
6.997417807579040527e-01
7.043317556381225586e-01
6.418786644935607910e-01
6.666018962860107422e-01
6.582496762275695801e-01
6.412215232849121094e-01
5.251315832138061523e-01
5.416496396064758301e-01
7.625392675399780273e-01
7.586582899093627930e-01
6.475507020950317383e-01
6.888487339019775391e-01
7.243824005126953125e-01
7.121083736419677734e-01
4.536439180374145508e-01
7.259344458580017090e-01
7.082735300064086914e-01
6.212813854217529297e-01
6.521292924880981445e-01
6.873932480812072754e-01
7.735700607299804688e-01
6.490458250045776367e-01
6.842111945152282715e-01
7.379145026206970215e-01
5.614016056060791016e-01
5.577111840248107910e-01
6.324971318244934082e-01
9.206998944282531738e-01
5.234226584434509277e-01
4.721689820289611816e-01
5.970513224601745605e-01
6.491196751594543457e-01
5.654851794242858887e-01
9.541614651679992676e-01
5.034720897674560547e-01
5.383255481719970703e-01
5.908645391464233398e-01
6.381909847259521484e-01
5.406613349914550781e-01
9.510392546653747559e-01
4.880278110504150391e-01
5.552629232406616211e-01
6.112511157989501953e-01
5.685403943061828613e-01
6.522460579872131348e-01
9.534941911697387695e-01
5.554803609848022461e-01
5.665451288223266602e-01
6.902030706405639648e-01
9.221718311309814453e-01
4.876651465892791748e-01
6.804703474044799805e-01
6.206436753273010254e-01
5.298095941543579102e-01
9.005486965179443359e-01
5.274395346641540527e-01
4.983147084712982178e-01
6.703321933746337891e-01
5.778179168701171875e-01
9.136554598808288574e-01
4.703409373760223389e-01
5.945901870727539062e-01
6.349480152130126953e-01
6.139079928398132324e-01
9.290930032730102539e-01
4.932260811328887939e-01
7.273861765861511230e-01
5.846707224845886230e-01
9.028303027153015137e-01
5.152143239974975586e-01
5.136882066726684570e-01
6.626257896423339844e-01
5.212721824645996094e-01
9.128732085227966309e-01
4.816725552082061768e-01
6.809993386268615723e-01
5.632064938545227051e-01
6.272320151329040527e-01
9.189083576202392578e-01
5.555356740951538086e-01
6.915715336799621582e-01
6.025707721710205078e-01
9.128198623657226562e-01
4.895681142807006836e-01
6.552864313125610352e-01
5.484326481819152832e-01
6.254765391349792480e-01
9.305371642112731934e-01
5.061013698577880859e-01
6.074057817459106445e-01
5.641281008720397949e-01
6.865856051445007324e-01
9.499284625053405762e-01
5.338705778121948242e-01
7.004342675209045410e-01
6.355996131896972656e-01
9.052713513374328613e-01
5.568168759346008301e-01
5.427172780036926270e-01
6.946285963058471680e-01
9.180728197097778320e-01
5.157969594001770020e-01
7.308595180511474609e-01
5.622581243515014648e-01
8.909136056900024414e-01
5.464189648628234863e-01
6.669598221778869629e-01
5.507884025573730469e-01
9.067929387092590332e-01
6.076103448867797852e-01
7.120769023895263672e-01
9.002954363822937012e-01
5.329393744468688965e-01
7.085872292518615723e-01
6.074188947677612305e-01
8.985363245010375977e-01
5.272045135498046875e-01
6.215717792510986328e-01
6.627596020698547363e-01
9.300596117973327637e-01
6.139848828315734863e-01
6.976452469825744629e-01
8.989816308021545410e-01
5.999268889427185059e-01
5.871516466140747070e-01
6.322012543678283691e-01
6.090345382690429688e-01
9.258991479873657227e-01
6.028136610984802246e-01
7.451939582824707031e-01
8.932523131370544434e-01
5.444068908691406250e-01
6.703222393989562988e-01
6.273998022079467773e-01
9.252045154571533203e-01
5.872611403465270996e-01
7.696552872657775879e-01
8.928392529487609863e-01
5.755081772804260254e-01
5.548960566520690918e-01
5.686559081077575684e-01
6.291905045509338379e-01
9.443901777267456055e-01
5.943837165832519531e-01
6.999502182006835938e-01
9.001149535179138184e-01
5.661628246307373047e-01
6.294016838073730469e-01
6.930308341979980469e-01
9.249313473701477051e-01
6.385346651077270508e-01
6.262990236282348633e-01
6.455713510513305664e-01
9.222710132598876953e-01
5.375630855560302734e-01
6.810432672500610352e-01
6.729799509048461914e-01
9.151353240013122559e-01
5.234533548355102539e-01
6.303326487541198730e-01
5.991769433021545410e-01
9.309136867523193359e-01
5.269198417663574219e-01
6.676931977272033691e-01
6.415427923202514648e-01
9.125187993049621582e-01
7.258871793746948242e-01
6.790233254432678223e-01
8.951966762542724609e-01
5.184671282768249512e-01
6.377646923065185547e-01
6.163746714591979980e-01
9.366863965988159180e-01
5.181224942207336426e-01
6.419627070426940918e-01
6.722249984741210938e-01
9.207079410552978516e-01
6.258177757263183594e-01
6.645711064338684082e-01
6.265692114830017090e-01
9.153963923454284668e-01
5.335220694541931152e-01
6.294621229171752930e-01
6.062009930610656738e-01
9.361005425453186035e-01
