6.139867901802062988e-01
5.916905999183654785e-01
8.342856764793395996e-01
8.508548140525817871e-01
8.330720663070678711e-01
8.086698651313781738e-01
8.163153529167175293e-01
7.467066645622253418e-01
5.610031485557556152e-01
8.086776733398437500e-01
8.419901132583618164e-01
8.072277903556823730e-01
7.801015973091125488e-01
7.806186676025390625e-01
7.336955070495605469e-01
7.296413183212280273e-01
7.019712328910827637e-01
7.461081147193908691e-01
6.101265549659729004e-01
5.945260524749755859e-01
8.285263776779174805e-01
8.474414348602294922e-01
7.275574207305908203e-01
7.735722064971923828e-01
8.072572350502014160e-01
7.653346657752990723e-01
4.997748434543609619e-01
8.316781520843505859e-01
8.003107905387878418e-01
7.187060117721557617e-01
7.635120153427124023e-01
7.499200105667114258e-01
8.597764968872070312e-01
7.272631525993347168e-01
7.754772305488586426e-01
8.097698688507080078e-01
6.116515994071960449e-01
5.766138434410095215e-01
6.682916879653930664e-01
9.803342223167419434e-01
5.614815950393676758e-01
5.439220666885375977e-01
6.506310701370239258e-01
6.793822646141052246e-01
6.247714161872863770e-01
1.025380253791809082e+00
5.208418369293212891e-01
5.757830739021301270e-01
6.442092657089233398e-01
7.151990532875061035e-01
5.895445942878723145e-01
1.031709551811218262e+00
5.112060904502868652e-01
6.146244406700134277e-01
6.557080745697021484e-01
6.013889312744140625e-01
6.930244565010070801e-01
1.019504308700561523e+00
6.002116203308105469e-01
5.742781758308410645e-01
7.258160114288330078e-01
9.674433469772338867e-01
4.801393151283264160e-01
7.336137294769287109e-01
6.655474901199340820e-01
5.589450597763061523e-01
9.769931435585021973e-01
5.707188248634338379e-01
5.635563135147094727e-01
7.107697725296020508e-01
6.461607813835144043e-01
9.782035350799560547e-01
5.072704553604125977e-01
6.484021544456481934e-01
6.888767480850219727e-01
6.608929038047790527e-01
1.018099308013916016e+00
5.549127459526062012e-01
7.695837616920471191e-01
6.146208643913269043e-01
9.741298556327819824e-01
5.625776648521423340e-01
5.293272733688354492e-01
7.135959267616271973e-01
5.840180516242980957e-01
9.816122055053710938e-01
5.288478732109069824e-01
7.184680104255676270e-01
6.126841306686401367e-01
6.540163755416870117e-01
9.800710082054138184e-01
6.056842803955078125e-01
7.308511734008789062e-01
6.336585283279418945e-01
9.670493602752685547e-01
5.167401432991027832e-01
7.023087143898010254e-01
6.133086681365966797e-01
6.816462874412536621e-01
9.983676671981811523e-01
5.179776549339294434e-01
6.397081613540649414e-01
6.048203706741333008e-01
7.151139378547668457e-01
1.013660550117492676e+00
5.817341208457946777e-01
7.324487566947937012e-01
6.638712286949157715e-01
9.693207740783691406e-01
5.841256976127624512e-01
5.644980072975158691e-01
7.356472611427307129e-01
9.671232700347900391e-01
5.397879481315612793e-01
7.654014825820922852e-01
6.223093867301940918e-01
9.577853679656982422e-01
5.677245259284973145e-01
7.253051996231079102e-01
5.771887302398681641e-01
9.639580845832824707e-01
6.255162358283996582e-01
7.425963282585144043e-01
9.436534047126770020e-01
5.592194199562072754e-01
7.597411274909973145e-01
6.469790935516357422e-01
9.768925905227661133e-01
5.549224615097045898e-01
6.596555709838867188e-01
7.242555022239685059e-01
9.847295284271240234e-01
6.523912549018859863e-01
7.352740764617919922e-01
9.483845829963684082e-01
6.541493535041809082e-01
6.284471750259399414e-01
6.857290267944335938e-01
6.543453931808471680e-01
1.009214878082275391e+00
6.178884506225585938e-01
7.840253710746765137e-01
9.448916912078857422e-01
5.741130709648132324e-01
7.208940386772155762e-01
6.683710813522338867e-01
9.772044420242309570e-01
6.264101266860961914e-01
8.137300610542297363e-01
9.420951604843139648e-01
6.272153854370117188e-01
5.952649712562561035e-01
6.019552350044250488e-01
6.722120642662048340e-01
1.024984598159790039e+00
6.126471161842346191e-01
7.433358430862426758e-01
9.314903616905212402e-01
5.844311118125915527e-01
6.396784782409667969e-01
7.207748293876647949e-01
9.847728610038757324e-01
6.962295174598693848e-01
6.791622042655944824e-01
7.102726697921752930e-01
9.816641807556152344e-01
5.469456911087036133e-01
7.190334796905517578e-01
6.923789978027343750e-01
9.672386646270751953e-01
5.571082830429077148e-01
6.777017116546630859e-01
6.543490290641784668e-01
9.854791164398193359e-01
5.809637904167175293e-01
7.253699302673339844e-01
6.729881167411804199e-01
9.755517244338989258e-01
7.533723115921020508e-01
7.059642076492309570e-01
9.485765099525451660e-01
5.667461156845092773e-01
6.778803467750549316e-01
6.528000235557556152e-01
9.801614880561828613e-01
5.754538178443908691e-01
6.964038014411926270e-01
7.177985906600952148e-01
9.816121459007263184e-01
6.723383665084838867e-01
7.058805227279663086e-01
6.607564091682434082e-01
9.895002841949462891e-01
5.410099029541015625e-01
6.863290667533874512e-01
6.557009220123291016e-01
9.947265386581420898e-01
