6.194421052932739258e-01
5.796955823898315430e-01
8.644073605537414551e-01
8.902964591979980469e-01
8.851466178894042969e-01
8.419945240020751953e-01
8.352384567260742188e-01
7.625687122344970703e-01
5.879122018814086914e-01
8.867264389991760254e-01
8.973804116249084473e-01
8.151153922080993652e-01
8.672122955322265625e-01
8.132339119911193848e-01
7.913063764572143555e-01
8.126341104507446289e-01
7.262549996376037598e-01
7.841306328773498535e-01
6.278896331787109375e-01
6.023080945014953613e-01
8.592713475227355957e-01
9.097738265991210938e-01
8.106776475906372070e-01
7.927302122116088867e-01
8.101688623428344727e-01
7.903171181678771973e-01
5.287772417068481445e-01
8.587890267372131348e-01
8.692241907119750977e-01
7.922230958938598633e-01
8.066324591636657715e-01
7.905449271202087402e-01
8.891077041625976562e-01
8.157365918159484863e-01
8.329943418502807617e-01
8.671506047248840332e-01
6.473750472068786621e-01
6.408423781394958496e-01
7.185036540031433105e-01
9.807733893394470215e-01
5.817923545837402344e-01
5.541910529136657715e-01
7.102267742156982422e-01
7.477025389671325684e-01
6.625396609306335449e-01
1.051496863365173340e+00
5.481024980545043945e-01
6.203533411026000977e-01
6.930809617042541504e-01
7.622721791267395020e-01
6.333171129226684570e-01
1.063086390495300293e+00
5.575634241104125977e-01
6.491970419883728027e-01
7.113076448440551758e-01
6.566183567047119141e-01
7.570583820343017578e-01
1.042915463447570801e+00
6.402870416641235352e-01
5.966432690620422363e-01
8.010029792785644531e-01
9.912851452827453613e-01
5.325690507888793945e-01
7.978990077972412109e-01
7.223991155624389648e-01
6.234878301620483398e-01
9.960607886314392090e-01
5.818365812301635742e-01
5.597681403160095215e-01
7.808901667594909668e-01
6.862428784370422363e-01
1.015782594680786133e+00
5.432491302490234375e-01
6.858329772949218750e-01
7.584935426712036133e-01
6.954368948936462402e-01
1.039181113243103027e+00
5.605066418647766113e-01
8.311806917190551758e-01
6.688813567161560059e-01
9.934900999069213867e-01
5.699792504310607910e-01
5.710468888282775879e-01
8.014355301856994629e-01
6.199046969413757324e-01
1.000337600708007812e+00
5.602588653564453125e-01
7.786775231361389160e-01
6.472765207290649414e-01
7.289823293685913086e-01
1.008745551109313965e+00
6.221769452095031738e-01
7.983741760253906250e-01
6.844634413719177246e-01
9.768549799919128418e-01
5.421045422554016113e-01
7.614530920982360840e-01
6.366617083549499512e-01
7.465894818305969238e-01
1.027456283569335938e+00
5.566378235816955566e-01
6.884681582450866699e-01
6.413102149963378906e-01
7.986909747123718262e-01
1.018491983413696289e+00
5.963720083236694336e-01
8.002788424491882324e-01
7.226390838623046875e-01
9.944070577621459961e-01
6.098561882972717285e-01
5.931746363639831543e-01
8.145595192909240723e-01
9.706782698631286621e-01
5.767637491226196289e-01
8.484150767326354980e-01
6.540129780769348145e-01
9.667062759399414062e-01
6.238380670547485352e-01
8.047848939895629883e-01
6.435639262199401855e-01
9.871804714202880859e-01
6.623229384422302246e-01
8.251157402992248535e-01
9.501442909240722656e-01
6.035874485969543457e-01
8.236830830574035645e-01
6.985426545143127441e-01
9.972916245460510254e-01
5.934887528419494629e-01
7.196434140205383301e-01
7.810725569725036621e-01
1.003728866577148438e+00
6.921975016593933105e-01
7.892115116119384766e-01
9.391606450080871582e-01
7.207804918289184570e-01
6.867203712463378906e-01
7.397350072860717773e-01
7.113366723060607910e-01
1.039043426513671875e+00
6.758719086647033691e-01
8.573285341262817383e-01
9.577550292015075684e-01
6.030272245407104492e-01
7.793665528297424316e-01
7.139151692390441895e-01
9.940183758735656738e-01
6.582994461059570312e-01
8.702168464660644531e-01
9.558161497116088867e-01
6.931349039077758789e-01
6.346594095230102539e-01
6.601378321647644043e-01
7.233082056045532227e-01
1.051072001457214355e+00
6.559743881225585938e-01
8.125938177108764648e-01
9.428985714912414551e-01
6.230854392051696777e-01
6.942124366760253906e-01
7.802879214286804199e-01
9.915618300437927246e-01
7.364555597305297852e-01
7.234002947807312012e-01
7.431848049163818359e-01
9.994530081748962402e-01
5.852173566818237305e-01
7.673312425613403320e-01
7.469795942306518555e-01
9.899942874908447266e-01
6.117301583290100098e-01
7.361940145492553711e-01
7.134695053100585938e-01
9.947359561920166016e-01
6.022214293479919434e-01
7.726260423660278320e-01
7.396004796028137207e-01
9.993796348571777344e-01
8.161944746971130371e-01
7.712011933326721191e-01
9.584488272666931152e-01
6.134136915206909180e-01
7.280690670013427734e-01
7.011619806289672852e-01
9.822337627410888672e-01
6.143491268157958984e-01
7.406440973281860352e-01
7.689101099967956543e-01
9.919918775558471680e-01
7.349221110343933105e-01
7.642761468887329102e-01
7.145446538925170898e-01
9.978212118148803711e-01
6.129060983657836914e-01
7.284768819808959961e-01
6.962251663208007812e-01
9.970779418945312500e-01
