5.884369611740112305e-01
5.584493279457092285e-01
8.247969746589660645e-01
8.302565217018127441e-01
8.167368173599243164e-01
7.891981005668640137e-01
7.897387742996215820e-01
7.463723421096801758e-01
5.494049787521362305e-01
7.845050692558288574e-01
8.420807123184204102e-01
7.689517140388488770e-01
7.673187255859375000e-01
7.672055363655090332e-01
7.076615095138549805e-01
7.300025820732116699e-01
7.020960450172424316e-01
7.326105237007141113e-01
5.847202539443969727e-01
5.776603817939758301e-01
8.056983351707458496e-01
8.441762328147888184e-01
7.181342840194702148e-01
7.394492626190185547e-01
7.894791364669799805e-01
7.641947865486145020e-01
4.893683195114135742e-01
8.022527098655700684e-01
7.950408458709716797e-01
6.945751309394836426e-01
7.287510633468627930e-01
7.456179261207580566e-01
8.356148004531860352e-01
7.120726704597473145e-01
7.576026320457458496e-01
7.698847651481628418e-01
6.025743484497070312e-01
5.777702927589416504e-01
6.566245555877685547e-01
9.667406082153320312e-01
5.680103898048400879e-01
5.489446520805358887e-01
6.549975872039794922e-01
6.778488159179687500e-01
6.100422739982604980e-01
1.006051898002624512e+00
5.135598182678222656e-01
5.679091811180114746e-01
6.253684163093566895e-01
6.844573020935058594e-01
5.845586061477661133e-01
1.008385896682739258e+00
5.010685920715332031e-01
5.888858437538146973e-01
6.486268639564514160e-01
5.993251204490661621e-01
6.847823858261108398e-01
9.936909675598144531e-01
5.880790948867797852e-01
5.699245929718017578e-01
7.165610790252685547e-01
9.555955529212951660e-01
4.855858087539672852e-01
7.165176272392272949e-01
6.586209535598754883e-01
5.798810124397277832e-01
9.489845037460327148e-01
5.362053513526916504e-01
5.301111340522766113e-01
7.134675383567810059e-01
6.176731586456298828e-01
9.635911583900451660e-01
5.107168555259704590e-01
6.042490005493164062e-01
6.842368841171264648e-01
6.485800743103027344e-01
9.873297214508056641e-01
5.192063450813293457e-01
7.465770840644836426e-01
5.942543745040893555e-01
9.519901275634765625e-01
5.565467476844787598e-01
5.218018293380737305e-01
6.962332725524902344e-01
5.733238458633422852e-01
9.530299901962280273e-01
5.039144158363342285e-01
7.016971111297607422e-01
5.842315554618835449e-01
6.469447612762451172e-01
9.543370008468627930e-01
5.548256635665893555e-01
7.248971462249755859e-01
6.220754981040954590e-01
9.495902061462402344e-01
4.884048104286193848e-01
6.775622963905334473e-01
5.726916193962097168e-01
6.719599962234497070e-01
9.845212697982788086e-01
4.903963208198547363e-01
6.611148715019226074e-01
5.952094197273254395e-01
7.052310705184936523e-01
9.870185852050781250e-01
5.552493929862976074e-01
7.247458100318908691e-01
6.711230278015136719e-01
9.433321952819824219e-01
5.799898505210876465e-01
5.737044811248779297e-01
7.324113845825195312e-01
9.463500976562500000e-01
5.280234217643737793e-01
7.640057802200317383e-01
6.081852912902832031e-01
9.404394030570983887e-01
5.611737966537475586e-01
7.180233597755432129e-01
5.791446566581726074e-01
9.437931776046752930e-01
6.165956258773803711e-01
7.362518906593322754e-01
9.270835518836975098e-01
5.584574937820434570e-01
7.444919943809509277e-01
6.317894458770751953e-01
9.546478986740112305e-01
5.410084724426269531e-01
6.472875475883483887e-01
6.954870820045471191e-01
9.718544483184814453e-01
6.406806111335754395e-01
7.237953543663024902e-01
9.285327792167663574e-01
6.296409964561462402e-01
6.220695376396179199e-01
6.906395554542541504e-01
6.456878781318664551e-01
9.770416617393493652e-01
6.249792575836181641e-01
7.813279628753662109e-01
9.178155660629272461e-01
5.708270072937011719e-01
7.133562564849853516e-01
6.371096372604370117e-01
9.624397754669189453e-01
6.177882552146911621e-01
7.976894974708557129e-01
9.302529692649841309e-01
6.120089888572692871e-01
5.757067799568176270e-01
5.999839901924133301e-01
6.692905426025390625e-01
1.001477122306823730e+00
6.114187836647033691e-01
7.270232439041137695e-01
9.235503673553466797e-01
5.883558392524719238e-01
6.311433315277099609e-01
7.016974091529846191e-01
9.563634395599365234e-01
6.759818196296691895e-01
6.452073454856872559e-01
6.898307800292968750e-01
9.537361264228820801e-01
5.668193101882934570e-01
7.051160335540771484e-01
6.836771368980407715e-01
9.561508893966674805e-01
5.527366399765014648e-01
6.737558245658874512e-01
6.374011039733886719e-01
9.570073485374450684e-01
5.517337322235107422e-01
6.909891963005065918e-01
6.634523272514343262e-01
9.484995007514953613e-01
7.200710773468017578e-01
7.064690589904785156e-01
9.266406297683715820e-01
5.688117742538452148e-01
6.697424650192260742e-01
6.418414115905761719e-01
9.668331146240234375e-01
5.689129829406738281e-01
6.693750619888305664e-01
6.968219280242919922e-01
9.638046026229858398e-01
6.668336987495422363e-01
6.945796608924865723e-01
6.633203625679016113e-01
9.572541713714599609e-01
5.570371747016906738e-01
6.826612353324890137e-01
6.414990425109863281e-01
9.716544151306152344e-01
