5.927377343177795410e-01
5.438922047615051270e-01
8.002057075500488281e-01
7.772704362869262695e-01
7.809116244316101074e-01
7.564782500267028809e-01
7.647092342376708984e-01
7.113062739372253418e-01
5.618282556533813477e-01
7.256751656532287598e-01
7.751046419143676758e-01
7.422445416450500488e-01
7.132817506790161133e-01
7.389270067214965820e-01
6.530362963676452637e-01
6.855407357215881348e-01
6.733518838882446289e-01
7.055746316909790039e-01
5.848526954650878906e-01
5.587184429168701172e-01
7.641811966896057129e-01
7.770971655845642090e-01
6.716930270195007324e-01
7.124252319335937500e-01
7.660393714904785156e-01
7.321177124977111816e-01
4.542303085327148438e-01
7.482104301452636719e-01
7.413323521614074707e-01
6.538870334625244141e-01
6.795498728752136230e-01
6.931077241897583008e-01
7.836682200431823730e-01
6.551478505134582520e-01
6.954630613327026367e-01
7.620682716369628906e-01
5.916820168495178223e-01
5.722469687461853027e-01
6.556032299995422363e-01
9.234965443611145020e-01
5.489375591278076172e-01
4.814393520355224609e-01
6.182658076286315918e-01
6.670830845832824707e-01
6.000716090202331543e-01
9.695439338684082031e-01
4.885630309581756592e-01
5.414614677429199219e-01
6.190521717071533203e-01
6.672495007514953613e-01
5.563246607780456543e-01
9.542587399482727051e-01
4.892004430294036865e-01
5.741623044013977051e-01
6.268786787986755371e-01
5.843065977096557617e-01
6.601610183715820312e-01
9.624649882316589355e-01
5.729303956031799316e-01
5.458571314811706543e-01
7.044958472251892090e-01
9.272765517234802246e-01
4.570103287696838379e-01
6.923698782920837402e-01
6.418015956878662109e-01
5.610329508781433105e-01
9.110004305839538574e-01
5.287784337997436523e-01
4.955725967884063721e-01
6.635755896568298340e-01
6.170856952667236328e-01
9.207015633583068848e-01
4.880416393280029297e-01
6.069691777229309082e-01
6.471842527389526367e-01
6.420300006866455078e-01
9.428877830505371094e-01
5.269585251808166504e-01
7.329122424125671387e-01
6.055104136466979980e-01
9.008342027664184570e-01
5.393770933151245117e-01
4.990224242210388184e-01
6.807539463043212891e-01
5.399039983749389648e-01
9.226779341697692871e-01
5.131772756576538086e-01
6.806540489196777344e-01
5.786190629005432129e-01
6.185515522956848145e-01
9.215496778488159180e-01
5.572137236595153809e-01
6.860902905464172363e-01
6.167685389518737793e-01
9.207905530929565430e-01
4.720815122127532959e-01
6.710862517356872559e-01
5.562928318977355957e-01
6.433541178703308105e-01
9.387096166610717773e-01
5.037340521812438965e-01
6.372455358505249023e-01
5.867446064949035645e-01
6.834348440170288086e-01
9.505991339683532715e-01
5.397668480873107910e-01
6.961153745651245117e-01
6.425089836120605469e-01
9.073747396469116211e-01
5.791589021682739258e-01
5.478129386901855469e-01
7.096967697143554688e-01
9.245061874389648438e-01
5.171090364456176758e-01
7.493731379508972168e-01
5.950193405151367188e-01
8.859236240386962891e-01
5.448287129402160645e-01
6.882839798927307129e-01
5.619689226150512695e-01
9.081827998161315918e-01
5.966842174530029297e-01
7.308784127235412598e-01
9.086020588874816895e-01
5.309788584709167480e-01
7.251119017601013184e-01
6.049636602401733398e-01
9.034687876701354980e-01
5.327893495559692383e-01
6.413280963897705078e-01
6.585190296173095703e-01
9.342791438102722168e-01
6.208255887031555176e-01
6.994670629501342773e-01
9.028735160827636719e-01
6.326260566711425781e-01
5.814311504364013672e-01
6.538348793983459473e-01
6.134373545646667480e-01
9.419431686401367188e-01
6.051706671714782715e-01
7.538719773292541504e-01
8.896882534027099609e-01
5.398032069206237793e-01
6.999346613883972168e-01
6.336758136749267578e-01
9.304197430610656738e-01
5.967219471931457520e-01
7.750645875930786133e-01
8.872115015983581543e-01
5.954926609992980957e-01
5.821235775947570801e-01
5.746257305145263672e-01
6.382921934127807617e-01
9.527056813240051270e-01
6.050930619239807129e-01
7.117567658424377441e-01
9.033458828926086426e-01
5.791111588478088379e-01
6.099422574043273926e-01
6.958326697349548340e-01
9.242696762084960938e-01
6.587191224098205566e-01
6.274069547653198242e-01
6.508150100708007812e-01
9.234318137168884277e-01
5.518315434455871582e-01
6.846693754196166992e-01
6.640880107879638672e-01
9.268049001693725586e-01
5.515482425689697266e-01
6.389504671096801758e-01
6.435823440551757812e-01
9.347869157791137695e-01
5.534671545028686523e-01
6.784317493438720703e-01
6.428232789039611816e-01
9.318975806236267090e-01
7.100998163223266602e-01
7.055011987686157227e-01
9.186027050018310547e-01
5.577484369277954102e-01
6.390547752380371094e-01
6.268048286437988281e-01
9.315164685249328613e-01
5.547114610671997070e-01
6.631252765655517578e-01
7.022690773010253906e-01
9.379710555076599121e-01
6.541228890419006348e-01
6.636064648628234863e-01
6.499877572059631348e-01
9.345372319221496582e-01
5.249114632606506348e-01
6.470389962196350098e-01
6.227948665618896484e-01
9.384249448776245117e-01
