5.907501578330993652e-01
5.921300649642944336e-01
8.191217780113220215e-01
8.233543038368225098e-01
8.174166083335876465e-01
7.816607356071472168e-01
7.993810772895812988e-01
7.328603267669677734e-01
5.506744384765625000e-01
7.823724150657653809e-01
8.410087227821350098e-01
7.732052803039550781e-01
7.582314014434814453e-01
7.661959528923034668e-01
6.920927166938781738e-01
7.198577523231506348e-01
7.064101696014404297e-01
7.286940813064575195e-01
6.072328090667724609e-01
5.756584405899047852e-01
8.064013123512268066e-01
8.297079205513000488e-01
7.177526950836181641e-01
7.330838441848754883e-01
7.814403176307678223e-01
7.431732416152954102e-01
4.861883521080017090e-01
7.953241467475891113e-01
7.795740962028503418e-01
7.100225090980529785e-01
7.265844941139221191e-01
7.328609824180603027e-01
8.538927435874938965e-01
7.002480626106262207e-01
7.459319829940795898e-01
7.688782215118408203e-01
5.944976806640625000e-01
5.547028779983520508e-01
6.517686843872070312e-01
9.445089101791381836e-01
5.446918010711669922e-01
5.286401510238647461e-01
6.292926669120788574e-01
6.891818046569824219e-01
5.941622257232666016e-01
1.000035285949707031e+00
4.826306700706481934e-01
5.449472665786743164e-01
6.034694910049438477e-01
6.773025989532470703e-01
5.552907586097717285e-01
1.009446024894714355e+00
5.093523859977722168e-01
5.764558315277099609e-01
6.405878067016601562e-01
5.928760766983032227e-01
6.773476004600524902e-01
9.909597039222717285e-01
5.576470494270324707e-01
5.625936985015869141e-01
7.230426073074340820e-01
9.392358064651489258e-01
4.896754622459411621e-01
7.079684734344482422e-01
6.680003404617309570e-01
5.562577843666076660e-01
9.530478119850158691e-01
5.248669385910034180e-01
5.218690037727355957e-01
6.881390810012817383e-01
6.226103901863098145e-01
9.579238891601562500e-01
5.311036109924316406e-01
6.207025647163391113e-01
6.685073971748352051e-01
6.513164043426513672e-01
9.784501791000366211e-01
5.070587396621704102e-01
7.351160049438476562e-01
5.947031378746032715e-01
9.450126886367797852e-01
5.528293848037719727e-01
5.050193667411804199e-01
7.159360051155090332e-01
5.706586241722106934e-01
9.578124880790710449e-01
5.238866209983825684e-01
7.050234675407409668e-01
5.762762427330017090e-01
6.248254776000976562e-01
9.576040506362915039e-01
5.639806985855102539e-01
6.983374357223510742e-01
6.172058582305908203e-01
9.362358450889587402e-01
5.022947192192077637e-01
6.768851876258850098e-01
5.843286514282226562e-01
6.550225615501403809e-01
9.604080915451049805e-01
4.986592829227447510e-01
6.445868015289306641e-01
6.097635626792907715e-01
6.916102170944213867e-01
9.656343460083007812e-01
5.719503760337829590e-01
7.347927689552307129e-01
6.562274098396301270e-01
9.445468187332153320e-01
5.842120051383972168e-01
5.665923953056335449e-01
7.167834043502807617e-01
9.463119506835937500e-01
5.313042402267456055e-01
7.569965124130249023e-01
5.942871570587158203e-01
9.280222058296203613e-01
5.609607696533203125e-01
7.271740436553955078e-01
5.823525786399841309e-01
9.544905424118041992e-01
6.205638051033020020e-01
7.396662235260009766e-01
9.147080779075622559e-01
5.667901039123535156e-01
7.491428256034851074e-01
6.406180858612060547e-01
9.512152075767517090e-01
5.358955264091491699e-01
6.434251666069030762e-01
6.923685073852539062e-01
9.571822285652160645e-01
6.351562142372131348e-01
7.141680121421813965e-01
9.223412275314331055e-01
6.359943747520446777e-01
6.175089478492736816e-01
6.840049028396606445e-01
6.325854659080505371e-01
9.678400158882141113e-01
6.327008008956909180e-01
7.601973414421081543e-01
9.245219826698303223e-01
5.516098737716674805e-01
6.981667280197143555e-01
6.522049903869628906e-01
9.484509825706481934e-01
5.857466459274291992e-01
7.804219126701354980e-01
9.291669130325317383e-01
6.347261071205139160e-01
5.827776193618774414e-01
5.956513285636901855e-01
6.497125625610351562e-01
9.854273796081542969e-01
6.272035241127014160e-01
7.195037007331848145e-01
9.181089997291564941e-01
5.837680697441101074e-01
6.255238056182861328e-01
7.149314284324645996e-01
9.523349404335021973e-01
6.527660489082336426e-01
6.547541618347167969e-01
6.830215454101562500e-01
9.527813792228698730e-01
5.536144375801086426e-01
7.040624022483825684e-01
6.843291521072387695e-01
9.446169137954711914e-01
5.556405186653137207e-01
6.480083465576171875e-01
6.302092075347900391e-01
9.488721489906311035e-01
5.621919035911560059e-01
6.972843408584594727e-01
6.690617203712463379e-01
9.460449814796447754e-01
7.407394051551818848e-01
7.121365070343017578e-01
9.273770451545715332e-01
5.502299666404724121e-01
6.574385762214660645e-01
6.469327807426452637e-01
9.531241059303283691e-01
5.514762997627258301e-01
6.598280668258666992e-01
7.092016339302062988e-01
9.414929151535034180e-01
6.551584005355834961e-01
6.860112547874450684e-01
6.547568440437316895e-01
9.503220915794372559e-01
5.713554620742797852e-01
6.589793562889099121e-01
6.264783143997192383e-01
9.635336399078369141e-01
