6.412795782089233398e-01
6.127577424049377441e-01
8.889511227607727051e-01
9.080803394317626953e-01
8.920645117759704590e-01
8.525962829589843750e-01
8.491932153701782227e-01
7.755463123321533203e-01
5.813872814178466797e-01
8.933203816413879395e-01
8.986043334007263184e-01
8.207871317863464355e-01
8.574776053428649902e-01
8.119512796401977539e-01
7.882654070854187012e-01
8.302468657493591309e-01
7.485516667366027832e-01
7.964584231376647949e-01
6.242519617080688477e-01
5.889430642127990723e-01
8.771663904190063477e-01
9.190908670425415039e-01
8.015673756599426270e-01
8.029200434684753418e-01
8.270861506462097168e-01
8.101239204406738281e-01
5.408228039741516113e-01
8.878196477890014648e-01
8.773162364959716797e-01
8.033800125122070312e-01
8.241027593612670898e-01
8.007248640060424805e-01
8.929085731506347656e-01
8.069022297859191895e-01
8.408864140510559082e-01
8.764595985412597656e-01
6.480659842491149902e-01
6.031145453453063965e-01
7.227217555046081543e-01
9.906749725341796875e-01
6.036737561225891113e-01
5.707293152809143066e-01
7.097303271293640137e-01
7.373073101043701172e-01
6.582230329513549805e-01
1.049409151077270508e+00
5.306675434112548828e-01
6.201645731925964355e-01
6.960723996162414551e-01
7.469447851181030273e-01
6.340094804763793945e-01
1.063076734542846680e+00
5.500465631484985352e-01
6.478986740112304688e-01
7.047341465950012207e-01
6.402709484100341797e-01
7.445824146270751953e-01
1.047309994697570801e+00
6.165136694908142090e-01
6.165182590484619141e-01
7.885575890541076660e-01
9.927492737770080566e-01
5.307853817939758301e-01
7.832934260368347168e-01
7.317205071449279785e-01
6.018646955490112305e-01
1.005517959594726562e+00
5.712771415710449219e-01
5.877655744552612305e-01
7.735158205032348633e-01
6.767871379852294922e-01
1.015440940856933594e+00
5.351584553718566895e-01
6.842471957206726074e-01
7.518213391304016113e-01
7.197759151458740234e-01
1.047775268554687500e+00
5.668861865997314453e-01
8.096731901168823242e-01
6.532899141311645508e-01
1.004102230072021484e+00
5.910202860832214355e-01
5.524674654006958008e-01
7.826490998268127441e-01
6.290279626846313477e-01
1.008476376533508301e+00
5.618101954460144043e-01
7.749897241592407227e-01
6.369268298149108887e-01
7.098786234855651855e-01
1.012235641479492188e+00
6.110469102859497070e-01
7.870742082595825195e-01
6.809225082397460938e-01
9.920241236686706543e-01
5.501728653907775879e-01
7.631636857986450195e-01
6.234419941902160645e-01
7.247215509414672852e-01
1.032501220703125000e+00
5.623587965965270996e-01
6.944515705108642578e-01
6.544566750526428223e-01
7.760149240493774414e-01
1.036312103271484375e+00
5.858666896820068359e-01
7.938030958175659180e-01
7.216747403144836426e-01
9.871975183486938477e-01
6.153831481933593750e-01
5.992488861083984375e-01
7.939051985740661621e-01
9.862247109413146973e-01
5.840877294540405273e-01
8.288219571113586426e-01
6.565248370170593262e-01
9.680395722389221191e-01
5.917347669601440430e-01
7.808272838592529297e-01
6.328826546669006348e-01
1.001376628875732422e+00
6.652629375457763672e-01
8.048638701438903809e-01
9.547380208969116211e-01
5.788546204566955566e-01
8.144708871841430664e-01
7.032161355018615723e-01
1.005494117736816406e+00
5.913531780242919922e-01
7.117143273353576660e-01
7.624064683914184570e-01
1.008303403854370117e+00
6.741527915000915527e-01
7.921708226203918457e-01
9.529788494110107422e-01
7.026286125183105469e-01
6.780174374580383301e-01
7.369919419288635254e-01
7.024218440055847168e-01
1.038918614387512207e+00
6.708150506019592285e-01
8.403356075286865234e-01
9.625930786132812500e-01
5.949878096580505371e-01
7.785353064537048340e-01
7.112686634063720703e-01
9.982998967170715332e-01
6.606526374816894531e-01
8.695315122604370117e-01
9.489972591400146484e-01
6.831619143486022949e-01
6.656177639961242676e-01
6.622074842453002930e-01
7.247108221054077148e-01
1.058577656745910645e+00
6.676163077354431152e-01
7.888893485069274902e-01
9.585377573966979980e-01
6.451220512390136719e-01
6.837000250816345215e-01
7.768637537956237793e-01
1.000744223594665527e+00
7.423045039176940918e-01
7.189413309097290039e-01
7.489892840385437012e-01
9.995740056037902832e-01
5.900818705558776855e-01
7.664883136749267578e-01
7.510432600975036621e-01
9.967208504676818848e-01
6.318306326866149902e-01
7.131872177124023438e-01
6.959230899810791016e-01
9.933245778083801270e-01
6.010098457336425781e-01
7.621772885322570801e-01
7.306795120239257812e-01
9.991313219070434570e-01
7.810192704200744629e-01
7.669012546539306641e-01
9.732162952423095703e-01
5.958691835403442383e-01
7.220649123191833496e-01
6.850016117095947266e-01
9.962724447250366211e-01
6.008359193801879883e-01
7.357964515686035156e-01
7.564761638641357422e-01
9.976297020912170410e-01
7.226509451866149902e-01
7.454399466514587402e-01
7.248459458351135254e-01
1.012533187866210938e+00
5.960282087326049805e-01
7.257738709449768066e-01
6.887770891189575195e-01
1.008805036544799805e+00
