5.725756883621215820e-01
5.456992387771606445e-01
8.281880617141723633e-01
8.663743734359741211e-01
8.428746461868286133e-01
8.066721558570861816e-01
8.049181699752807617e-01
7.188525795936584473e-01
5.617514252662658691e-01
8.590121865272521973e-01
8.475344181060791016e-01
7.654711604118347168e-01
8.217496275901794434e-01
7.679226994514465332e-01
7.833270430564880371e-01
7.802565097808837891e-01
6.833683252334594727e-01
7.580936551094055176e-01
5.676429867744445801e-01
5.414371490478515625e-01
8.240181803703308105e-01
8.779051303863525391e-01
7.981488704681396484e-01
7.910346388816833496e-01
7.844356894493103027e-01
7.642931342124938965e-01
4.794019162654876709e-01
8.176034092903137207e-01
8.302251696586608887e-01
7.423458099365234375e-01
7.753258347511291504e-01
7.372468709945678711e-01
8.239563107490539551e-01
7.892327904701232910e-01
7.942674756050109863e-01
8.159308433532714844e-01
6.683755517005920410e-01
6.536850333213806152e-01
7.510935068130493164e-01
9.620503187179565430e-01
6.189386248588562012e-01
5.820066928863525391e-01
7.183537483215332031e-01
7.822679877281188965e-01
6.819828748703002930e-01
1.021399617195129395e+00
5.392688512802124023e-01
6.219791173934936523e-01
7.049221992492675781e-01
7.893525362014770508e-01
6.392204165458679199e-01
1.022927641868591309e+00
5.459346771240234375e-01
6.716462373733520508e-01
7.342549562454223633e-01
6.836901903152465820e-01
7.993272542953491211e-01
1.002099275588989258e+00
6.334117054939270020e-01
6.363119482994079590e-01
8.418833613395690918e-01
9.812893867492675781e-01
5.362627506256103516e-01
8.171443343162536621e-01
7.479380369186401367e-01
6.402100324630737305e-01
9.794962406158447266e-01
6.046797037124633789e-01
5.877807736396789551e-01
8.167930245399475098e-01
7.217182517051696777e-01
9.885528087615966797e-01
5.324823260307312012e-01
7.101919651031494141e-01
7.799371480941772461e-01
7.470960617065429688e-01
1.007329344749450684e+00
5.673400759696960449e-01
8.718557953834533691e-01
6.916448473930358887e-01
9.778220057487487793e-01
6.016885638236999512e-01
5.668576359748840332e-01
8.258520960807800293e-01
6.282435059547424316e-01
9.903043508529663086e-01
5.716765522956848145e-01
8.245208859443664551e-01
6.670955419540405273e-01
7.422550320625305176e-01
9.838300347328186035e-01
6.476780176162719727e-01
8.469408750534057617e-01
7.219565510749816895e-01
9.669567346572875977e-01
5.398325920104980469e-01
7.879698276519775391e-01
6.563606262207031250e-01
7.739122509956359863e-01
1.007006764411926270e+00
5.603401660919189453e-01
7.355054616928100586e-01
6.712740659713745117e-01
8.217154741287231445e-01
1.000728130340576172e+00
6.013124585151672363e-01
8.459097743034362793e-01
7.390731573104858398e-01
9.694759249687194824e-01
6.475101113319396973e-01
6.207803487777709961e-01
8.520839810371398926e-01
9.600918292999267578e-01
6.163292527198791504e-01
8.771363496780395508e-01
6.746168732643127441e-01
9.613533616065979004e-01
6.019458174705505371e-01
8.067416548728942871e-01
6.452306509017944336e-01
9.786983728408813477e-01
6.726066470146179199e-01
8.632685542106628418e-01
9.311785697937011719e-01
5.959132909774780273e-01
8.671706318855285645e-01
7.102512717247009277e-01
9.831636548042297363e-01
5.789811015129089355e-01
7.279974222183227539e-01
7.910742163658142090e-01
9.800730943679809570e-01
6.985192894935607910e-01
8.205714225769042969e-01
9.367251992225646973e-01
7.310241460800170898e-01
6.894098520278930664e-01
7.933455109596252441e-01
7.277016639709472656e-01
1.001522064208984375e+00
6.704389452934265137e-01
8.879001736640930176e-01
9.384506344795227051e-01
6.177355647087097168e-01
8.307010531425476074e-01
7.359409332275390625e-01
9.714031219482421875e-01
6.683117151260375977e-01
9.128759503364562988e-01
9.469190835952758789e-01
6.882727742195129395e-01
6.620403528213500977e-01
6.706823706626892090e-01
7.454935312271118164e-01
1.023978710174560547e+00
6.578570008277893066e-01
8.390977382659912109e-01
9.245458245277404785e-01
6.315267682075500488e-01
7.433416843414306641e-01
8.222404122352600098e-01
9.759966135025024414e-01
7.782264351844787598e-01
7.383028268814086914e-01
7.745859622955322266e-01
9.799826741218566895e-01
5.887464284896850586e-01
8.217346072196960449e-01
7.862047553062438965e-01
9.734843373298645020e-01
6.508452296257019043e-01
7.590670585632324219e-01
7.470732927322387695e-01
9.721271395683288574e-01
6.049314737319946289e-01
7.986174821853637695e-01
7.687425017356872559e-01
9.767582416534423828e-01
8.294547796249389648e-01
7.995986342430114746e-01
9.444315433502197266e-01
6.229525804519653320e-01
7.675594091415405273e-01
7.424312233924865723e-01
9.658049941062927246e-01
6.444851160049438477e-01
7.551693916320800781e-01
8.107661604881286621e-01
9.734481573104858398e-01
7.645798921585083008e-01
7.913449406623840332e-01
7.540039420127868652e-01
9.784788489341735840e-01
6.414812803268432617e-01
7.561434507369995117e-01
7.218827605247497559e-01
9.794339537620544434e-01
