6.251424551010131836e-01
6.177008748054504395e-01
8.772801160812377930e-01
9.004341959953308105e-01
8.830363154411315918e-01
8.347889184951782227e-01
8.645159006118774414e-01
7.826777100563049316e-01
5.770404934883117676e-01
8.808069229125976562e-01
8.999944925308227539e-01
8.290197849273681641e-01
8.481832146644592285e-01
8.261588215827941895e-01
7.835570573806762695e-01
8.199356794357299805e-01
7.613797783851623535e-01
8.044214248657226562e-01
6.243876218795776367e-01
6.263615489006042480e-01
8.826707005500793457e-01
8.913977146148681641e-01
7.908054590225219727e-01
7.909842133522033691e-01
8.366441726684570312e-01
8.214402198791503906e-01
5.452235937118530273e-01
8.832250237464904785e-01
8.667156100273132324e-01
7.983486056327819824e-01
8.252121210098266602e-01
7.973592877388000488e-01
9.203118085861206055e-01
8.034026622772216797e-01
8.232473134994506836e-01
8.827127218246459961e-01
6.524695158004760742e-01
6.247752308845520020e-01
7.008710503578186035e-01
9.781409502029418945e-01
5.957264900207519531e-01
5.663937330245971680e-01
6.701630353927612305e-01
7.402717471122741699e-01
6.377622485160827637e-01
1.055307149887084961e+00
5.411480665206909180e-01
6.136711239814758301e-01
6.919122338294982910e-01
7.589820027351379395e-01
6.206249594688415527e-01
1.061907291412353516e+00
5.423229932785034180e-01
6.627261638641357422e-01
7.323194742202758789e-01
6.523672938346862793e-01
7.503548264503479004e-01
1.051181554794311523e+00
6.144955754280090332e-01
5.956075191497802734e-01
7.805548310279846191e-01
9.873892664909362793e-01
5.353530645370483398e-01
7.819067835807800293e-01
7.329749464988708496e-01
6.176823377609252930e-01
1.008017539978027344e+00
5.832518339157104492e-01
5.533126592636108398e-01
7.747761607170104980e-01
6.724550724029541016e-01
1.018961310386657715e+00
5.279452800750732422e-01
6.967643499374389648e-01
7.359114885330200195e-01
7.019729614257812500e-01
1.038030743598937988e+00
5.651739239692687988e-01
8.077607154846191406e-01
6.524292230606079102e-01
9.960788488388061523e-01
5.840867757797241211e-01
5.721083879470825195e-01
7.852895855903625488e-01
6.335210800170898438e-01
1.010365605354309082e+00
5.443390011787414551e-01
7.580945491790771484e-01
6.226384043693542480e-01
7.014991641044616699e-01
1.014932751655578613e+00
6.224936246871948242e-01
7.790000438690185547e-01
6.661196947097778320e-01
9.813836216926574707e-01
5.474671721458435059e-01
7.543987035751342773e-01
6.129941344261169434e-01
7.387747168540954590e-01
1.027107954025268555e+00
5.583934783935546875e-01
7.075865268707275391e-01
6.364087462425231934e-01
7.425912618637084961e-01
1.031023859977722168e+00
5.883902311325073242e-01
7.941606640815734863e-01
6.978104710578918457e-01
9.949783086776733398e-01
6.252598762512207031e-01
5.964049696922302246e-01
7.862105369567871094e-01
9.772327542304992676e-01
5.814489722251892090e-01
8.222377896308898926e-01
6.516497135162353516e-01
9.724693894386291504e-01
6.072006225585937500e-01
7.834257483482360840e-01
6.317591071128845215e-01
9.975153207778930664e-01
6.310918331146240234e-01
8.070809841156005859e-01
9.478344321250915527e-01
5.822609066963195801e-01
8.073590993881225586e-01
6.817240715026855469e-01
1.001728296279907227e+00
5.746465325355529785e-01
7.071372866630554199e-01
7.519598007202148438e-01
9.992483258247375488e-01
6.735075116157531738e-01
7.674043178558349609e-01
9.567413330078125000e-01
7.032105326652526855e-01
6.736478805541992188e-01
7.246450781822204590e-01
6.866405010223388672e-01
1.029635429382324219e+00
6.694752573966979980e-01
8.213399052619934082e-01
9.647891521453857422e-01
6.239697933197021484e-01
7.614215612411499023e-01
7.170841097831726074e-01
9.925086498260498047e-01
6.356157064437866211e-01
8.595494031906127930e-01
9.609514474868774414e-01
6.757702827453613281e-01
6.440957784652709961e-01
6.572358608245849609e-01
7.231242060661315918e-01
1.055293917655944824e+00
6.542906761169433594e-01
7.842123508453369141e-01
9.499040842056274414e-01
6.439749002456665039e-01
6.862028837203979492e-01
7.655773162841796875e-01
9.962017536163330078e-01
7.317570447921752930e-01
7.035453319549560547e-01
7.341198325157165527e-01
9.989824295043945312e-01
5.905182361602783203e-01
7.627727985382080078e-01
7.351203560829162598e-01
9.929603934288024902e-01
5.824265480041503906e-01
7.106119990348815918e-01
6.777032017707824707e-01
1.001855015754699707e+00
6.002025008201599121e-01
7.422160506248474121e-01
7.232876420021057129e-01
9.971144199371337891e-01
7.863206863403320312e-01
7.511181235313415527e-01
9.699781537055969238e-01
5.901250243186950684e-01
7.215467691421508789e-01
6.943935155868530273e-01
9.909147024154663086e-01
5.998018980026245117e-01
7.233664393424987793e-01
7.539665699005126953e-01
9.926401376724243164e-01
7.105680704116821289e-01
7.464600801467895508e-01
6.917323470115661621e-01
1.006262302398681641e+00
5.899802446365356445e-01
7.249045968055725098e-01
6.729640364646911621e-01
1.004629611968994141e+00
