6.086969971656799316e-01
5.682228803634643555e-01
8.522509932518005371e-01
8.814084529876708984e-01
8.619363903999328613e-01
8.320057988166809082e-01
8.333776593208312988e-01
7.374112606048583984e-01
5.838202834129333496e-01
8.833152055740356445e-01
8.793132305145263672e-01
8.079233169555664062e-01
8.419679999351501465e-01
8.051398396492004395e-01
7.835732102394104004e-01
7.908068299293518066e-01
7.109740376472473145e-01
7.731938362121582031e-01
6.073036193847656250e-01
5.794793367385864258e-01
8.497801423072814941e-01
8.920741081237792969e-01
8.009929060935974121e-01
7.992169260978698730e-01
8.110689520835876465e-01
7.810842990875244141e-01
5.278334617614746094e-01
8.543757796287536621e-01
8.653262853622436523e-01
7.764621973037719727e-01
8.100301623344421387e-01
7.792978882789611816e-01
8.729740977287292480e-01
8.087899684906005859e-01
8.319615721702575684e-01
8.474054336547851562e-01
6.407893300056457520e-01
6.309598684310913086e-01
7.329705953598022461e-01
9.825669527053833008e-01
6.032137274742126465e-01
5.645577907562255859e-01
7.142835855484008789e-01
7.455786466598510742e-01
6.658623814582824707e-01
1.054643034934997559e+00
5.532397031784057617e-01
6.266071200370788574e-01
7.088817358016967773e-01
7.755568623542785645e-01
6.354364156723022461e-01
1.061345100402832031e+00
5.471082329750061035e-01
6.635814309120178223e-01
7.336215972900390625e-01
6.452062129974365234e-01
7.680558562278747559e-01
1.043492436408996582e+00
6.337248086929321289e-01
6.128509640693664551e-01
8.093956708908081055e-01
9.867017865180969238e-01
5.171403884887695312e-01
8.183678388595581055e-01
7.519459724426269531e-01
6.183000802993774414e-01
1.005469322204589844e+00
5.900728106498718262e-01
5.765827894210815430e-01
8.091391324996948242e-01
7.081497311592102051e-01
1.018873929977416992e+00
5.569475889205932617e-01
7.094824910163879395e-01
7.616495490074157715e-01
7.391622662544250488e-01
1.043280243873596191e+00
5.616387128829956055e-01
8.464533686637878418e-01
6.666983962059020996e-01
9.975403547286987305e-01
6.032512784004211426e-01
5.604453086853027344e-01
8.082952499389648438e-01
6.441038846969604492e-01
1.012648940086364746e+00
5.675297975540161133e-01
7.988482117652893066e-01
6.639805436134338379e-01
7.338634729385375977e-01
1.013366818428039551e+00
6.113461852073669434e-01
8.032136559486389160e-01
7.023694515228271484e-01
9.829604625701904297e-01
5.265467166900634766e-01
7.522988319396972656e-01
6.274737119674682617e-01
7.571511268615722656e-01
1.023527979850769043e+00
5.546895265579223633e-01
7.024008631706237793e-01
6.752079725265502930e-01
7.932519912719726562e-01
1.019228816032409668e+00
6.060931086540222168e-01
8.197387456893920898e-01
7.357760667800903320e-01
9.970949292182922363e-01
6.447002887725830078e-01
6.133829355239868164e-01
8.233330249786376953e-01
9.802024960517883301e-01
6.012054681777954102e-01
8.600366115570068359e-01
6.584269404411315918e-01
9.767574667930603027e-01
6.236834526062011719e-01
8.054522275924682617e-01
6.604276895523071289e-01
1.003748655319213867e+00
6.555214524269104004e-01
8.474617004394531250e-01
9.520697593688964844e-01
6.000540256500244141e-01
8.377948403358459473e-01
6.904083490371704102e-01
1.000280976295471191e+00
5.751091837882995605e-01
7.360894680023193359e-01
7.786257863044738770e-01
1.008699417114257812e+00
6.895549893379211426e-01
8.001714348793029785e-01
9.466944932937622070e-01
7.213585376739501953e-01
6.981682181358337402e-01
7.790940999984741211e-01
7.175633311271667480e-01
1.024166822433471680e+00
6.713659167289733887e-01
8.619542717933654785e-01
9.601331949234008789e-01
5.996507406234741211e-01
7.858985066413879395e-01
7.306439280509948730e-01
9.956414699554443359e-01
6.467946171760559082e-01
8.954535722732543945e-01
9.711803197860717773e-01
6.962767243385314941e-01
6.403666138648986816e-01
6.801279783248901367e-01
7.472394704818725586e-01
1.055739998817443848e+00
6.626973748207092285e-01
8.158808350563049316e-01
9.500347971916198730e-01
6.255849003791809082e-01
7.021085023880004883e-01
7.940850257873535156e-01
9.935069084167480469e-01
7.610623836517333984e-01
7.332746386528015137e-01
7.647916674613952637e-01
1.000853180885314941e+00
5.959684848785400391e-01
7.887335419654846191e-01
7.667500376701354980e-01
9.895320534706115723e-01
6.136966347694396973e-01
7.388092279434204102e-01
7.040453553199768066e-01
9.934540987014770508e-01
6.163997650146484375e-01
7.721891999244689941e-01
7.372414469718933105e-01
9.974699616432189941e-01
8.191242814064025879e-01
7.868410944938659668e-01
9.655233025550842285e-01
6.129902005195617676e-01
7.431572675704956055e-01
7.034877538681030273e-01
9.869779348373413086e-01
6.106933355331420898e-01
7.535704374313354492e-01
7.847204208374023438e-01
9.909434914588928223e-01
7.496035099029541016e-01
7.665346860885620117e-01
7.430154681205749512e-01
9.998491406440734863e-01
6.085628271102905273e-01
7.506319880485534668e-01
7.056367993354797363e-01
9.992026090621948242e-01
