5.537990927696228027e-01
5.142982006072998047e-01
7.641373872756958008e-01
7.758484482765197754e-01
7.608131766319274902e-01
7.309485673904418945e-01
7.396609187126159668e-01
7.033633589744567871e-01
5.042190551757812500e-01
7.110218405723571777e-01
7.475591897964477539e-01
7.071263790130615234e-01
6.911502480506896973e-01
6.969962120056152344e-01
6.296064853668212891e-01
6.427298188209533691e-01
6.726673841476440430e-01
6.599420905113220215e-01
5.549345016479492188e-01
5.187573432922363281e-01
7.485784292221069336e-01
7.656612396240234375e-01
6.611810326576232910e-01
6.733763217926025391e-01
7.325885295867919922e-01
7.101610898971557617e-01
4.315336048603057861e-01
7.036964297294616699e-01
7.307927608489990234e-01
6.255880594253540039e-01
6.314330101013183594e-01
6.761116981506347656e-01
7.790808677673339844e-01
6.192680001258850098e-01
6.714679002761840820e-01
7.078301906585693359e-01
5.840764045715332031e-01
5.472465753555297852e-01
6.357133388519287109e-01
9.437305927276611328e-01
5.441290736198425293e-01
5.098952651023864746e-01
6.126201152801513672e-01
6.374457478523254395e-01
5.671113133430480957e-01
9.763214588165283203e-01
4.614513218402862549e-01
5.097113251686096191e-01
5.776852369308471680e-01
6.491478085517883301e-01
5.517127513885498047e-01
9.396253824234008789e-01
4.604638218879699707e-01
5.650752186775207520e-01
6.097534298896789551e-01
5.609397888183593750e-01
6.507054567337036133e-01
9.617233872413635254e-01
5.457348227500915527e-01
5.325037240982055664e-01
6.950345635414123535e-01
9.219521880149841309e-01
4.612010121345520020e-01
6.885291337966918945e-01
6.360123753547668457e-01
5.288723707199096680e-01
8.937990069389343262e-01
5.329492092132568359e-01
5.111345052719116211e-01
6.859937906265258789e-01
5.976299643516540527e-01
9.151201248168945312e-01
4.763546586036682129e-01
6.058974266052246094e-01
6.395294666290283203e-01
6.142287850379943848e-01
9.304876327514648438e-01
4.811337590217590332e-01
7.282202243804931641e-01
5.880098938941955566e-01
9.161686897277832031e-01
5.230545401573181152e-01
4.895685911178588867e-01
6.692784428596496582e-01
5.360029935836791992e-01
9.034345149993896484e-01
4.922304451465606689e-01
6.813369989395141602e-01
5.570987462997436523e-01
6.249713301658630371e-01
9.073575139045715332e-01
5.454191565513610840e-01
6.843687891960144043e-01
6.219137907028198242e-01
9.072703719139099121e-01
4.544052183628082275e-01
6.592304706573486328e-01
5.520793199539184570e-01
6.352423429489135742e-01
9.242306947708129883e-01
4.899871051311492920e-01
6.221857070922851562e-01
5.868914127349853516e-01
6.878822445869445801e-01
9.491779208183288574e-01
5.305391550064086914e-01
7.033660411834716797e-01
6.264520883560180664e-01
9.050421118736267090e-01
5.616430640220642090e-01
5.283264517784118652e-01
6.991837024688720703e-01
9.117875099182128906e-01
5.311372280120849609e-01
7.267429828643798828e-01
5.770601630210876465e-01
8.998132944107055664e-01
5.515559911727905273e-01
6.790623664855957031e-01
5.507026314735412598e-01
9.019068479537963867e-01
5.929769873619079590e-01
7.071899771690368652e-01
9.069809913635253906e-01
5.511723756790161133e-01
7.288599610328674316e-01
5.974084734916687012e-01
9.017318487167358398e-01
5.359678864479064941e-01
6.030884981155395508e-01
6.687358617782592773e-01
9.136256575584411621e-01
6.029105782508850098e-01
6.936820745468139648e-01
9.101288914680480957e-01
6.056161522865295410e-01
5.813100934028625488e-01
6.393637657165527344e-01
6.092997789382934570e-01
9.216740727424621582e-01
6.046646833419799805e-01
7.554503679275512695e-01
8.941913247108459473e-01
5.321967601776123047e-01
6.861061453819274902e-01
6.267756819725036621e-01
9.262908101081848145e-01
5.935282707214355469e-01
7.675386071205139160e-01
8.896013498306274414e-01
5.957735776901245117e-01
5.548765063285827637e-01
5.629209280014038086e-01
6.136129498481750488e-01
9.329553246498107910e-01
6.115034222602844238e-01
7.020063996315002441e-01
9.025652408599853516e-01
5.744714140892028809e-01
6.312854886054992676e-01
6.970381140708923340e-01
9.280400872230529785e-01
6.408132910728454590e-01
6.204726696014404297e-01
6.429615616798400879e-01
9.129416346549987793e-01
5.331960320472717285e-01
6.913434863090515137e-01
6.672430038452148438e-01
9.142016172409057617e-01
5.417843461036682129e-01
6.350986957550048828e-01
6.143370866775512695e-01
9.414362907409667969e-01
5.349342226982116699e-01
6.579144001007080078e-01
6.595359444618225098e-01
9.196997880935668945e-01
6.952709555625915527e-01
6.923690438270568848e-01
9.033896923065185547e-01
5.446027517318725586e-01
6.386263966560363770e-01
6.093630194664001465e-01
9.489030838012695312e-01
5.329758524894714355e-01
6.505019068717956543e-01
6.608045697212219238e-01
9.152393937110900879e-01
6.323180198669433594e-01
6.723924279212951660e-01
6.166196465492248535e-01
9.098751544952392578e-01
5.442994832992553711e-01
6.341307163238525391e-01
6.096694469451904297e-01
9.450601935386657715e-01
