5.999646186828613281e-01
5.795825719833374023e-01
8.098484873771667480e-01
8.130050897598266602e-01
8.022059798240661621e-01
7.715053558349609375e-01
7.593171596527099609e-01
7.469801902770996094e-01
5.599966049194335938e-01
7.613685131072998047e-01
8.061996698379516602e-01
7.848173975944519043e-01
7.370632886886596680e-01
7.383789420127868652e-01
6.626417636871337891e-01
6.920906901359558105e-01
7.047567963600158691e-01
7.004011273384094238e-01
5.621781349182128906e-01
5.601016879081726074e-01
7.988230586051940918e-01
8.034179806709289551e-01
6.918970346450805664e-01
7.114689350128173828e-01
7.815943956375122070e-01
7.356376051902770996e-01
4.908929169178009033e-01
7.538186311721801758e-01
7.557970285415649414e-01
6.967787742614746094e-01
7.048718929290771484e-01
6.976394653320312500e-01
7.996410727500915527e-01
6.845812201499938965e-01
7.183949351310729980e-01
7.632889151573181152e-01
5.956640243530273438e-01
5.480228066444396973e-01
6.473414301872253418e-01
9.553400278091430664e-01
5.524466037750244141e-01
5.278349518775939941e-01
6.129508018493652344e-01
6.382608413696289062e-01
5.778238177299499512e-01
9.918274879455566406e-01
5.091137290000915527e-01
5.337144732475280762e-01
6.090125441551208496e-01
6.664496064186096191e-01
5.717248916625976562e-01
9.781051278114318848e-01
5.032402276992797852e-01
5.840507745742797852e-01
6.215361356735229492e-01
5.952013731002807617e-01
6.771876811981201172e-01
9.892050623893737793e-01
5.835606455802917480e-01
5.484810471534729004e-01
7.142796516418457031e-01
9.366687536239624023e-01
4.643647372722625732e-01
6.979693770408630371e-01
6.466130614280700684e-01
5.507140755653381348e-01
9.287114143371582031e-01
5.208226442337036133e-01
5.092957019805908203e-01
6.947089433670043945e-01
6.011532545089721680e-01
9.518250823020935059e-01
4.855030477046966553e-01
6.166283488273620605e-01
6.626800298690795898e-01
6.429663300514221191e-01
9.616613984107971191e-01
5.079722404479980469e-01
7.181373238563537598e-01
5.734032392501831055e-01
9.428946971893310547e-01
5.306174159049987793e-01
5.025798082351684570e-01
6.835697293281555176e-01
5.623461008071899414e-01
9.346162080764770508e-01
5.049428343772888184e-01
6.947762966156005859e-01
5.808438062667846680e-01
6.495832204818725586e-01
9.446964263916015625e-01
5.674077868461608887e-01
7.068834304809570312e-01
6.260661482810974121e-01
9.475243091583251953e-01
4.825006425380706787e-01
6.698882579803466797e-01
5.677390098571777344e-01
6.533555388450622559e-01
9.574499130249023438e-01
5.181891918182373047e-01
6.361485123634338379e-01
5.983906984329223633e-01
6.937735676765441895e-01
9.761190414428710938e-01
5.377633571624755859e-01
7.126161456108093262e-01
6.463158726692199707e-01
9.380799531936645508e-01
5.560790300369262695e-01
5.389727950096130371e-01
7.049335241317749023e-01
9.481862783432006836e-01
5.110749006271362305e-01
7.486171722412109375e-01
5.962172746658325195e-01
9.185801148414611816e-01
5.618545413017272949e-01
6.934359073638916016e-01
5.657147765159606934e-01
9.312620162963867188e-01
5.844066143035888672e-01
7.245002985000610352e-01
9.165312647819519043e-01
5.662176012992858887e-01
7.289174199104309082e-01
6.303085684776306152e-01
9.390662312507629395e-01
5.480373501777648926e-01
6.452097296714782715e-01
6.751426458358764648e-01
9.471675753593444824e-01
6.239125728607177734e-01
7.028342485427856445e-01
9.281085133552551270e-01
6.318089365959167480e-01
6.097941398620605469e-01
6.590088009834289551e-01
6.116222739219665527e-01
9.534731507301330566e-01
6.138866543769836426e-01
7.675010561943054199e-01
9.173811078071594238e-01
5.472989082336425781e-01
7.046054005622863770e-01
6.402917504310607910e-01
9.445472955703735352e-01
6.154869198799133301e-01
7.840043902397155762e-01
9.173007011413574219e-01
5.918992757797241211e-01
5.655508637428283691e-01
5.815335512161254883e-01
6.463875770568847656e-01
9.741415977478027344e-01
6.018812656402587891e-01
7.126296758651733398e-01
9.085322022438049316e-01
5.925039649009704590e-01
6.435177326202392578e-01
6.988366246223449707e-01
9.423433542251586914e-01
6.669550538063049316e-01
6.479221582412719727e-01
6.782181859016418457e-01
9.287042021751403809e-01
5.484719276428222656e-01
6.969282031059265137e-01
6.699823141098022461e-01
9.393205642700195312e-01
5.675919651985168457e-01
6.536294221878051758e-01
6.395128965377807617e-01
9.529240727424621582e-01
5.592848658561706543e-01
6.817988753318786621e-01
6.704987287521362305e-01
9.340329766273498535e-01
7.358095049858093262e-01
6.976277828216552734e-01
9.139818549156188965e-01
5.613079071044921875e-01
6.523832678794860840e-01
6.235920190811157227e-01
9.603340029716491699e-01
5.474578738212585449e-01
6.761896610260009766e-01
7.031513452529907227e-01
9.457138776779174805e-01
6.384292840957641602e-01
6.674740314483642578e-01
6.438316702842712402e-01
9.490123391151428223e-01
5.692391991615295410e-01
6.448770761489868164e-01
6.321572065353393555e-01
9.614011049270629883e-01
