6.383720040321350098e-01
6.035267710685729980e-01
8.717305064201354980e-01
8.874894380569458008e-01
8.763074278831481934e-01
8.426615595817565918e-01
8.422886133193969727e-01
7.650352120399475098e-01
6.046529412269592285e-01
8.651637434959411621e-01
9.000967741012573242e-01
8.330000042915344238e-01
8.430508375167846680e-01
8.190721869468688965e-01
7.619575262069702148e-01
8.175219297409057617e-01
7.491291761398315430e-01
7.847815155982971191e-01
6.351749300956726074e-01
6.128194332122802734e-01
8.671509623527526855e-01
8.906000256538391113e-01
7.619004249572753906e-01
7.784039378166198730e-01
8.062681555747985840e-01
7.976780533790588379e-01
5.287430286407470703e-01
8.629899024963378906e-01
8.662306070327758789e-01
7.701547741889953613e-01
8.183875679969787598e-01
7.991208434104919434e-01
8.908978104591369629e-01
8.032823204994201660e-01
7.994818091392517090e-01
8.639441132545471191e-01
6.215994358062744141e-01
6.063897609710693359e-01
6.905172467231750488e-01
9.646714925765991211e-01
5.804500579833984375e-01
5.384692549705505371e-01
6.878421902656555176e-01
7.136330604553222656e-01
6.288681626319885254e-01
1.030930995941162109e+00
5.339080095291137695e-01
6.043163537979125977e-01
6.856168508529663086e-01
7.462759613990783691e-01
6.170635819435119629e-01
1.037949800491333008e+00
5.434930920600891113e-01
6.598062515258789062e-01
6.948720216751098633e-01
6.242588758468627930e-01
7.433160543441772461e-01
1.019181728363037109e+00
6.202268004417419434e-01
5.822163820266723633e-01
7.559573054313659668e-01
9.570960402488708496e-01
5.398966670036315918e-01
7.559202909469604492e-01
6.934555768966674805e-01
6.104987859725952148e-01
9.804081916809082031e-01
5.705064535140991211e-01
5.526016354560852051e-01
7.580815553665161133e-01
6.674922704696655273e-01
9.936998486518859863e-01
5.073861479759216309e-01
6.738458871841430664e-01
7.148411870002746582e-01
6.820614337921142578e-01
1.011698722839355469e+00
5.669528245925903320e-01
7.978737354278564453e-01
6.436652541160583496e-01
9.709156155586242676e-01
5.778331160545349121e-01
5.534735321998596191e-01
7.479999065399169922e-01
5.996084213256835938e-01
9.827910661697387695e-01
5.405086874961853027e-01
7.494211792945861816e-01
6.175235509872436523e-01
6.882719993591308594e-01
9.864439368247985840e-01
6.064468622207641602e-01
7.651977539062500000e-01
6.691867113113403320e-01
9.603393077850341797e-01
5.028008222579956055e-01
7.327387928962707520e-01
6.076513528823852539e-01
7.035407423973083496e-01
1.003010392189025879e+00
5.459322929382324219e-01
6.886170506477355957e-01
6.275612711906433105e-01
7.519794702529907227e-01
1.001341223716735840e+00
5.872484445571899414e-01
7.711077928543090820e-01
7.038367390632629395e-01
9.724211096763610840e-01
6.059980392456054688e-01
5.896934866905212402e-01
7.719958424568176270e-01
9.584185481071472168e-01
5.714492797851562500e-01
8.070729374885559082e-01
6.241178512573242188e-01
9.511133432388305664e-01
6.015357375144958496e-01
7.497488856315612793e-01
6.152560114860534668e-01
9.585992693901062012e-01
6.381977796554565430e-01
7.775080204010009766e-01
9.314295053482055664e-01
5.840996503829956055e-01
7.948404550552368164e-01
6.594735980033874512e-01
9.725964665412902832e-01
6.072642207145690918e-01
6.943621039390563965e-01
7.445954084396362305e-01
9.824047088623046875e-01
6.537324786186218262e-01
7.624630928039550781e-01
9.218350648880004883e-01
6.838665604591369629e-01
6.528550386428833008e-01
7.121174335479736328e-01
6.602931618690490723e-01
1.007610678672790527e+00
6.492552757263183594e-01
8.230447173118591309e-01
9.373990893363952637e-01
5.915026068687438965e-01
7.364994287490844727e-01
7.081505060195922852e-01
9.744261503219604492e-01
6.525678634643554688e-01
8.416568040847778320e-01
9.376171231269836426e-01
6.655966043472290039e-01
6.278651952743530273e-01
6.379556655883789062e-01
7.060385346412658691e-01
1.028005242347717285e+00
6.479350328445434570e-01
7.661797404289245605e-01
9.186273813247680664e-01
6.234458684921264648e-01
6.729042530059814453e-01
7.447217702865600586e-01
9.643085598945617676e-01
7.061536312103271484e-01
6.989883780479431152e-01
7.231581807136535645e-01
9.740363359451293945e-01
5.803606510162353516e-01
7.355808615684509277e-01
7.054712176322937012e-01
9.577580094337463379e-01
5.961841940879821777e-01
6.929284930229187012e-01
6.801654696464538574e-01
9.672414064407348633e-01
6.226093173027038574e-01
7.475928068161010742e-01
7.163801789283752441e-01
9.721081852912902832e-01
7.782241702079772949e-01
7.431477904319763184e-01
9.409483671188354492e-01
5.762248039245605469e-01
6.990561485290527344e-01
6.775561571121215820e-01
9.669798612594604492e-01
5.875399708747863770e-01
7.159687280654907227e-01
7.537055611610412598e-01
9.660941362380981445e-01
7.007854580879211426e-01
7.235132455825805664e-01
7.054721117019653320e-01
9.722649455070495605e-01
6.024646759033203125e-01
7.094341516494750977e-01
6.616829037666320801e-01
9.838045835494995117e-01
