5.914845466613769531e-01
5.803828239440917969e-01
8.429452180862426758e-01
8.609883785247802734e-01
8.454969525337219238e-01
8.060992956161499023e-01
8.323068618774414062e-01
7.661498785018920898e-01
5.609394907951354980e-01
8.390082716941833496e-01
8.648406863212585449e-01
8.145563602447509766e-01
8.208562135696411133e-01
7.974304556846618652e-01
7.341485619544982910e-01
7.774497866630554199e-01
7.357246875762939453e-01
7.640230655670166016e-01
5.841234922409057617e-01
5.779057741165161133e-01
8.447740674018859863e-01
8.723320960998535156e-01
7.453511357307434082e-01
7.590101361274719238e-01
8.039435148239135742e-01
7.856298685073852539e-01
5.410597324371337891e-01
8.510683178901672363e-01
8.256785869598388672e-01
7.506036758422851562e-01
7.861725687980651855e-01
7.737103104591369629e-01
8.823446631431579590e-01
7.608833312988281250e-01
7.756511569023132324e-01
8.265255093574523926e-01
6.183146238327026367e-01
6.059216856956481934e-01
6.726180315017700195e-01
9.453320503234863281e-01
5.747929215431213379e-01
5.307862162590026855e-01
6.650591492652893066e-01
6.920562982559204102e-01
6.238736510276794434e-01
1.015818715095520020e+00
5.342867374420166016e-01
5.942779183387756348e-01
6.690217852592468262e-01
6.956651210784912109e-01
5.937327146530151367e-01
1.014423370361328125e+00
5.262571573257446289e-01
6.152568459510803223e-01
6.819420456886291504e-01
6.188925504684448242e-01
7.149267792701721191e-01
1.006138920783996582e+00
6.153110861778259277e-01
5.873338580131530762e-01
7.361015677452087402e-01
9.498577117919921875e-01
4.911968708038330078e-01
7.377172112464904785e-01
6.850710511207580566e-01
5.879217982292175293e-01
9.656606912612915039e-01
5.624909996986389160e-01
5.535493493080139160e-01
7.310463190078735352e-01
6.632941961288452148e-01
9.622830152511596680e-01
5.000973343849182129e-01
6.468024849891662598e-01
6.977300643920898438e-01
6.759669184684753418e-01
9.957250952720642090e-01
5.531684160232543945e-01
7.688263654708862305e-01
6.131681203842163086e-01
9.555932879447937012e-01
5.690912008285522461e-01
5.399376749992370605e-01
7.300062775611877441e-01
5.796189308166503906e-01
9.675123691558837891e-01
5.193856358528137207e-01
7.316508889198303223e-01
6.198649406433105469e-01
6.612489223480224609e-01
9.610385298728942871e-01
6.091768741607666016e-01
7.487802505493164062e-01
6.539573073387145996e-01
9.480957388877868652e-01
5.095081925392150879e-01
7.179409265518188477e-01
5.894185304641723633e-01
6.951881647109985352e-01
9.773970842361450195e-01
5.338678956031799316e-01
6.645215153694152832e-01
6.330571770668029785e-01
7.277589440345764160e-01
9.907059669494628906e-01
5.826507806777954102e-01
7.494174838066101074e-01
6.738344430923461914e-01
9.544877409934997559e-01
6.083214282989501953e-01
5.715118050575256348e-01
7.451063394546508789e-01
9.415605068206787109e-01
5.740091204643249512e-01
7.781464457511901855e-01
6.255468130111694336e-01
9.417585730552673340e-01
6.033716201782226562e-01
7.526716589927673340e-01
6.050386428833007812e-01
9.526467919349670410e-01
6.137267351150512695e-01
7.721415758132934570e-01
9.231371283531188965e-01
5.525647997856140137e-01
7.733521461486816406e-01
6.410987377166748047e-01
9.571738243103027344e-01
5.624095797538757324e-01
6.828575134277343750e-01
7.366175055503845215e-01
9.688285589218139648e-01
6.647183895111083984e-01
7.300102114677429199e-01
9.128802418708801270e-01
6.506571769714355469e-01
6.487836837768554688e-01
7.102835178375244141e-01
6.516262888908386230e-01
9.853930473327636719e-01
6.407242417335510254e-01
8.128139376640319824e-01
9.192750453948974609e-01
5.657691955566406250e-01
7.323086261749267578e-01
6.715298891067504883e-01
9.730024337768554688e-01
6.220362782478332520e-01
8.359428644180297852e-01
9.324466586112976074e-01
6.566361784934997559e-01
6.140188574790954590e-01
6.174681782722473145e-01
6.951603293418884277e-01
1.008176326751708984e+00
6.473191380500793457e-01
7.707549929618835449e-01
9.085186719894409180e-01
6.074346303939819336e-01
6.511102318763732910e-01
7.310485243797302246e-01
9.499523639678955078e-01
6.962606906890869141e-01
6.698410511016845703e-01
7.018918991088867188e-01
9.581440687179565430e-01
5.611109733581542969e-01
7.146049737930297852e-01
7.162783741950988770e-01
9.500585198402404785e-01
5.935663580894470215e-01
6.805600523948669434e-01
6.710492372512817383e-01
9.539871811866760254e-01
5.772894024848937988e-01
7.143824696540832520e-01
6.990112066268920898e-01
9.571086764335632324e-01
7.489559054374694824e-01
7.384424209594726562e-01
9.272136092185974121e-01
5.753455758094787598e-01
6.830898523330688477e-01
6.666561365127563477e-01
9.602078199386596680e-01
5.669184923171997070e-01
6.914942860603332520e-01
7.339236140251159668e-01
9.476052522659301758e-01
6.916325092315673828e-01
7.109916210174560547e-01
6.809668540954589844e-01
9.503199458122253418e-01
5.765445232391357422e-01
6.974677443504333496e-01
6.660149097442626953e-01
9.605166912078857422e-01
