-2.705532312393188477e-01
-3.075819909572601318e-01
-3.023402392864227295e-01
-2.497524023056030273e-01
-2.902512252330780029e-01
-2.677063047885894775e-01
-3.088352680206298828e-01
-3.673820197582244873e-01
-3.251456320285797119e-01
-3.528906106948852539e-01
-2.851751744747161865e-01
-3.893693685531616211e-01
-3.199453949928283691e-01
-3.554148674011230469e-01
-2.876647114753723145e-01
-3.581866621971130371e-01
-3.926056921482086182e-01
-3.677664697170257568e-01
-2.880885601043701172e-01
-3.321650922298431396e-01
-2.590564191341400146e-01
-2.851030826568603516e-01
-2.566994428634643555e-01
-3.045484423637390137e-01
-2.751939892768859863e-01
-3.097348213195800781e-01
-2.735815644264221191e-01
-3.473213911056518555e-01
-2.757915556430816650e-01
-3.882479667663574219e-01
-3.458522856235504150e-01
-4.209052026271820068e-01
-3.293650746345520020e-01
-3.150731623172760010e-01
-3.510854840278625488e-01
-3.876703977584838867e-01
-8.516709506511688232e-02
-1.031631007790565491e-01
-9.409090876579284668e-02
-3.979082033038139343e-02
-1.462301462888717651e-01
-1.348444074392318726e-01
-1.374672651290893555e-01
-1.313067525625228882e-01
-1.571171879768371582e-01
-1.101850271224975586e-01
-1.805256754159927368e-01
-1.800525784492492676e-01
-1.721129417419433594e-01
-1.416975706815719604e-01
-1.645409613847732544e-01
-1.409474313259124756e-01
-1.463719159364700317e-01
-1.740618497133255005e-01
-1.454864740371704102e-01
-1.636978685855865479e-01
-1.333273351192474365e-01
-1.039216518402099609e-01
-1.087756752967834473e-01
-8.063936978578567505e-02
-4.957704991102218628e-02
-4.063966497778892517e-02
-1.286792010068893433e-01
-8.034665137529373169e-02
-1.230628043413162231e-01
-1.630019992589950562e-01
-8.889370411634445190e-02
-1.179514154791831970e-01
-1.317228525876998901e-01
-9.212280064821243286e-02
-9.137939661741256714e-02
-9.901318699121475220e-02
-1.385383456945419312e-01
-9.738563001155853271e-02
-1.023931205272674561e-01
-1.334307491779327393e-01
-1.354724615812301636e-01
-1.292979419231414795e-01
-4.798226058483123779e-02
-1.099693402647972107e-01
-6.362935900688171387e-02
-1.249889954924583435e-01
-1.337166577577590942e-01
-1.023980826139450073e-01
-1.273468136787414551e-01
-6.196849048137664795e-02
-1.353434771299362183e-01
-9.262827783823013306e-02
-1.310192942619323730e-01
-1.030719056725502014e-01
-9.184322506189346313e-02
-1.000380367040634155e-01
-7.356096059083938599e-02
-7.531651854515075684e-02
-4.922007024288177490e-02
-1.170902699232101440e-01
-1.199956461787223816e-01
-1.509499698877334595e-01
-1.099207922816276550e-01
-1.143484711647033691e-01
-1.481471061706542969e-01
-1.219206079840660095e-01
-1.198704391717910767e-01
-9.798210114240646362e-02
-7.827872037887573242e-02
-1.170140132308006287e-01
-5.679854750633239746e-02
-7.575664669275283813e-02
-7.168580591678619385e-02
-1.065209284424781799e-01
-7.758730649948120117e-02
-6.688886880874633789e-02
-3.012951463460922241e-02
-8.984690159559249878e-02
-5.345362797379493713e-02
-1.017953231930732727e-01
-3.830162063241004944e-02
-1.140855625271797180e-01
-6.817250698804855347e-02
-9.190905839204788208e-02
-5.384788662195205688e-02
-9.193750470876693726e-02
-4.406483471393585205e-02
9.834069758653640747e-03
-1.188108250498771667e-01
-5.693546682596206665e-02
-8.976805955171585083e-02
-7.010500133037567139e-02
-1.136490255594253540e-01
-1.086574047803878784e-01
-7.964877784252166748e-02
-7.190339267253875732e-02
-5.615143850445747375e-02
-2.407243847846984863e-02
2.614838257431983948e-02
-1.355449259281158447e-01
-1.263620108366012573e-01
-1.200242415070533752e-01
-1.261505633592605591e-01
-1.154913082718849182e-01
-5.277395620942115784e-02
-1.288463827222585678e-02
-1.197193097323179245e-02
-1.085893809795379639e-01
-4.515932127833366394e-02
-8.995638787746429443e-02
-5.543768405914306641e-02
-7.207842916250228882e-02
-1.509986352175474167e-02
-1.505753258243203163e-03
-1.760481595993041992e-01
-1.479521691799163818e-01
-1.390844285488128662e-01
-1.193556413054466248e-01
-1.205643266439437866e-01
-5.604934319853782654e-02
-3.278464823961257935e-02
2.455104701220989227e-02
-1.160019636154174805e-01
-7.939550280570983887e-02
-6.270906329154968262e-02
-3.584570810198783875e-02
-9.675879776477813721e-02
-1.045467406511306763e-01
-9.184415638446807861e-02
-8.161625266075134277e-02
-8.644177019596099854e-02
-5.742047354578971863e-02
-8.383444696664810181e-02
-5.021314695477485657e-02
-1.040081381797790527e-01
-7.233443856239318848e-02
-8.986461162567138672e-02
-3.764908015727996826e-02
-1.061861142516136169e-01
-6.021039932966232300e-02
-7.560214400291442871e-02
-6.983226537704467773e-02
-3.878316655755043030e-02
-5.610162392258644104e-02
-1.053285691887140274e-02
-1.149132400751113892e-01
-8.672667294740676880e-02
-7.909826934337615967e-02
-2.095887251198291779e-02
-1.114087998867034912e-01
-7.000884413719177246e-02
-5.950332060456275940e-02
-5.371958017349243164e-02
-8.740819245576858521e-02
-6.894349306821823120e-02
-7.309709489345550537e-02
-8.280231803655624390e-02
-9.136876463890075684e-02
-8.107105642557144165e-02
-8.948420733213424683e-02
-5.794549360871315002e-02
