-3.174625337123870850e-01
-2.994841039180755615e-01
-3.204352259635925293e-01
-2.644870877265930176e-01
-2.922772169113159180e-01
-2.769146263599395752e-01
-3.321243226528167725e-01
-3.623196780681610107e-01
-3.220533430576324463e-01
-3.381085097789764404e-01
-3.209649324417114258e-01
-3.937007486820220947e-01
-3.399612009525299072e-01
-3.596048951148986816e-01
-2.701140940189361572e-01
-3.386802077293395996e-01
-3.855536878108978271e-01
-3.558389544486999512e-01
-3.163050413131713867e-01
-3.222716748714447021e-01
-3.023929893970489502e-01
-3.003084957599639893e-01
-2.284260839223861694e-01
-3.101226389408111572e-01
-3.121535181999206543e-01
-3.408241569995880127e-01
-2.790613472461700439e-01
-3.614800870418548584e-01
-3.012614846229553223e-01
-4.060327410697937012e-01
-3.413583338260650635e-01
-4.077585935592651367e-01
-3.347438275814056396e-01
-3.071811795234680176e-01
-3.029655516147613525e-01
-3.761111199855804443e-01
-9.710302948951721191e-02
-8.228382468223571777e-02
-7.797729969024658203e-02
-6.969451904296875000e-02
-1.912147402763366699e-01
-1.603507101535797119e-01
-1.438474506139755249e-01
-1.391321420669555664e-01
-1.701515465974807739e-01
-1.370824426412582397e-01
-1.678155213594436646e-01
-1.902978718280792236e-01
-1.784438192844390869e-01
-1.438461691141128540e-01
-1.922508031129837036e-01
-1.428396403789520264e-01
-1.851424276828765869e-01
-1.707658618688583374e-01
-1.722384244203567505e-01
-1.612578928470611572e-01
-1.525065451860427856e-01
-1.197128966450691223e-01
-1.036323234438896179e-01
-1.291191726922988892e-01
-5.298594012856483459e-02
-5.919583141803741455e-02
-1.527666300535202026e-01
-1.111134663224220276e-01
-1.372296214103698730e-01
-1.235593259334564209e-01
-1.062707155942916870e-01
-1.316701024770736694e-01
-1.204772740602493286e-01
-1.030841991305351257e-01
-1.311934292316436768e-01
-1.024312749505043030e-01
-1.358521729707717896e-01
-1.499730348587036133e-01
-1.134584918618202209e-01
-1.367183625698089600e-01
-1.394826620817184448e-01
-1.310550868511199951e-01
-9.052813053131103516e-02
-1.045237779617309570e-01
-8.206935226917266846e-02
-1.447459757328033447e-01
-1.510059088468551636e-01
-1.139777898788452148e-01
-1.512978225946426392e-01
-7.424771785736083984e-02
-1.365383416414260864e-01
-9.917584061622619629e-02
-1.268741786479949951e-01
-1.118337959051132202e-01
-1.062439680099487305e-01
-1.197305694222450256e-01
-7.877076417207717896e-02
-1.093944087624549866e-01
-6.594500690698623657e-02
-1.585391610860824585e-01
-1.323770731687545776e-01
-1.645896285772323608e-01
-1.244592741131782532e-01
-1.154417768120765686e-01
-1.416317075490951538e-01
-1.157249435782432556e-01
-1.237165555357933044e-01
-1.009130626916885376e-01
-9.208904206752777100e-02
-1.233766302466392517e-01
-1.055894568562507629e-01
-9.986666589975357056e-02
-8.741529285907745361e-02
-1.035976186394691467e-01
-9.830671548843383789e-02
-5.294414237141609192e-02
-6.098585203289985657e-02
-1.082555502653121948e-01
-5.739288777112960815e-02
-1.001902520656585693e-01
-5.869273096323013306e-02
-1.096662282943725586e-01
-8.398079127073287964e-02
-1.092072352766990662e-01
-5.109506845474243164e-02
-6.959196925163269043e-02
-3.832218796014785767e-02
-2.340221311897039413e-03
-1.136671304702758789e-01
-6.701858341693878174e-02
-1.157798841595649719e-01
-7.940010726451873779e-02
-1.033947691321372986e-01
-1.061884686350822449e-01
-9.711474925279617310e-02
-8.585321903228759766e-02
-5.414755269885063171e-02
-4.614656791090965271e-02
6.118587683886289597e-03
-1.455611437559127808e-01
-1.434957087039947510e-01
-1.276656836271286011e-01
-1.278512477874755859e-01
-1.238874495029449463e-01
-6.421627849340438843e-02
-2.606730535626411438e-02
-2.029082551598548889e-02
-1.056313812732696533e-01
-6.778579205274581909e-02
-1.093552485108375549e-01
-5.903705209493637085e-02
-8.908230811357498169e-02
-2.409568987786769867e-02
-1.808502152562141418e-02
-1.852357387542724609e-01
-1.635353714227676392e-01
-1.512762308120727539e-01
-1.476291716098785400e-01
-1.310658901929855347e-01
-8.237606287002563477e-02
-3.002350218594074249e-02
6.321070715785026550e-03
-1.060083359479904175e-01
-1.119627878069877625e-01
-6.584216654300689697e-02
-5.407605320215225220e-02
-7.485341280698776245e-02
-1.002771109342575073e-01
-9.544280171394348145e-02
-8.413212746381759644e-02
-1.179452836513519287e-01
-7.593912631273269653e-02
-7.979497313499450684e-02
-5.343589186668395996e-02
-1.078044921159744263e-01
-1.013886556029319763e-01
-1.096488684415817261e-01
-5.189967155456542969e-02
-1.304447501897811890e-01
-8.531896024942398071e-02
-9.520190954208374023e-02
-7.547582685947418213e-02
-5.003136396408081055e-02
-5.229557678103446960e-02
-1.564964465796947479e-02
-1.162802651524543762e-01
-8.412084728479385376e-02
-1.041114926338195801e-01
-4.674191772937774658e-02
-1.158657521009445190e-01
-1.041909605264663696e-01
-7.864928245544433594e-02
-6.385594606399536133e-02
-9.336987882852554321e-02
-9.855915606021881104e-02
-8.979760110378265381e-02
-7.870134711265563965e-02
-1.170083805918693542e-01
-8.206995576620101929e-02
-9.486222267150878906e-02
-7.835957407951354980e-02
