-3.084252178668975830e-01
-2.844369411468505859e-01
-3.372772336006164551e-01
-2.628680467605590820e-01
-2.910620570182800293e-01
-2.809639275074005127e-01
-3.232093155384063721e-01
-4.093505442142486572e-01
-2.796345949172973633e-01
-2.848723828792572021e-01
-3.107517957687377930e-01
-4.146277010440826416e-01
-3.376367390155792236e-01
-3.781208395957946777e-01
-2.802325487136840820e-01
-3.501091599464416504e-01
-3.965470194816589355e-01
-3.454273045063018799e-01
-2.939347922801971436e-01
-3.182935416698455811e-01
-2.921217381954193115e-01
-2.809107005596160889e-01
-2.058244049549102783e-01
-2.995191812515258789e-01
-3.122402429580688477e-01
-3.479365110397338867e-01
-2.894764542579650879e-01
-3.669805824756622314e-01
-2.794628441333770752e-01
-3.734346330165863037e-01
-3.474766612052917480e-01
-4.093384742736816406e-01
-3.343063592910766602e-01
-2.980942428112030029e-01
-3.182067871093750000e-01
-3.753544688224792480e-01
-9.008610993623733521e-02
-1.151624247431755066e-01
-9.501066803932189941e-02
-8.076495677232742310e-02
-1.483575701713562012e-01
-1.738253086805343628e-01
-1.327255368232727051e-01
-1.435832083225250244e-01
-1.659256368875503540e-01
-1.568347811698913574e-01
-1.786653548479080200e-01
-2.040750235319137573e-01
-1.788149178028106689e-01
-1.399141550064086914e-01
-1.657332032918930054e-01
-1.575261205434799194e-01
-1.551435887813568115e-01
-1.903083324432373047e-01
-1.688611060380935669e-01
-1.906787753105163574e-01
-1.496847867965698242e-01
-1.434956341981887817e-01
-1.112127378582954407e-01
-1.221443340182304382e-01
-6.150816008448600769e-02
-5.897829309105873108e-02
-1.403128355741500854e-01
-1.106402948498725891e-01
-1.495966166257858276e-01
-1.527899801731109619e-01
-1.349654644727706909e-01
-1.624931395053863525e-01
-1.474586576223373413e-01
-1.215919554233551025e-01
-1.273503899574279785e-01
-1.174404695630073547e-01
-1.387695372104644775e-01
-1.394194811582565308e-01
-1.125881448388099670e-01
-1.699496805667877197e-01
-1.489323228597640991e-01
-1.000263094902038574e-01
-8.052816241979598999e-02
-1.146802827715873718e-01
-9.750000387430191040e-02
-1.344662904739379883e-01
-1.312865763902664185e-01
-1.198698729276657104e-01
-1.463380008935928345e-01
-9.213615208864212036e-02
-1.554688513278961182e-01
-1.333331018686294556e-01
-1.243046522140502930e-01
-1.252392083406448364e-01
-1.125820353627204895e-01
-9.376894682645797729e-02
-9.274610877037048340e-02
-1.113070100545883179e-01
-9.117014706134796143e-02
-1.379393786191940308e-01
-1.325092017650604248e-01
-1.499177813529968262e-01
-1.197983697056770325e-01
-1.304943561553955078e-01
-1.372212767601013184e-01
-1.434832513332366943e-01
-1.412401199340820312e-01
-1.242758184671401978e-01
-1.170845702290534973e-01
-1.294333189725875854e-01
-1.006185933947563171e-01
-9.552431851625442505e-02
-1.044957265257835388e-01
-8.110214769840240479e-02
-1.079080402851104736e-01
-7.788858562707901001e-02
-7.590088993310928345e-02
-9.998752921819686890e-02
-6.687580794095993042e-02
-1.165546402335166931e-01
-7.840109616518020630e-02
-1.270059496164321899e-01
-9.305965155363082886e-02
-1.139646396040916443e-01
-8.044192194938659668e-02
-5.789068713784217834e-02
-4.459885880351066589e-02
-1.479339227080345154e-02
-1.134446114301681519e-01
-6.819720566272735596e-02
-1.256306171417236328e-01
-9.580922871828079224e-02
-1.154477521777153015e-01
-1.209668517112731934e-01
-8.000887185335159302e-02
-9.388899803161621094e-02
-5.811481922864913940e-02
-3.441035374999046326e-02
-1.131242699921131134e-02
-1.423001140356063843e-01
-1.458525955677032471e-01
-1.458791196346282959e-01
-1.454133540391921997e-01
-1.207181438803672791e-01
-7.401105761528015137e-02
-3.497634828090667725e-02
-4.165354743599891663e-02
-1.156574264168739319e-01
-7.282767444849014282e-02
-1.024717539548873901e-01
-8.497464656829833984e-02
-7.049496471881866455e-02
-1.684398949146270752e-02
-4.193115979433059692e-02
-1.712267994880676270e-01
-1.542248725891113281e-01
-1.407471895217895508e-01
-1.533688902854919434e-01
-1.324594616889953613e-01
-7.484121620655059814e-02
-4.205405339598655701e-02
-7.831493392586708069e-03
-1.091967970132827759e-01
-9.538292884826660156e-02
-7.634097337722778320e-02
-5.755050107836723328e-02
-1.069458872079849243e-01
-8.961959183216094971e-02
-1.095595359802246094e-01
-9.476540982723236084e-02
-1.178489401936531067e-01
-6.843501329421997070e-02
-1.103769391775131226e-01
-6.757134944200515747e-02
-1.152242347598075867e-01
-9.476201236248016357e-02
-9.971692413091659546e-02
-8.770883828401565552e-02
-1.237932592630386353e-01
-8.477152884006500244e-02
-9.199547022581100464e-02
-9.380950033664703369e-02
-6.239423155784606934e-02
-6.926240026950836182e-02
-3.008471801877021790e-02
-1.209299936890602112e-01
-1.109652668237686157e-01
-1.031629294157028198e-01
-9.430439025163650513e-02
-1.125640645623207092e-01
-7.783755660057067871e-02
-8.485610038042068481e-02
-6.768584251403808594e-02
-9.445533156394958496e-02
-1.006452962756156921e-01
-1.071498245000839233e-01
-9.567937254905700684e-02
-1.057932451367378235e-01
-7.809488475322723389e-02
-1.072205156087875366e-01
-9.561693668365478516e-02
