-2.715010344982147217e-01
-2.305178493261337280e-01
-2.810615003108978271e-01
-2.189651131629943848e-01
-2.337798178195953369e-01
-2.456726580858230591e-01
-2.780198156833648682e-01
-3.493750691413879395e-01
-2.463166862726211548e-01
-2.488210797309875488e-01
-2.675257325172424316e-01
-3.599510490894317627e-01
-2.637304067611694336e-01
-3.322433829307556152e-01
-2.284858226776123047e-01
-2.625706791877746582e-01
-3.647046387195587158e-01
-2.856130599975585938e-01
-2.763442099094390869e-01
-3.001320660114288330e-01
-2.424676567316055298e-01
-2.272540777921676636e-01
-1.874234229326248169e-01
-2.393503040075302124e-01
-2.750974893569946289e-01
-2.975988388061523438e-01
-2.678883075714111328e-01
-2.964915931224822998e-01
-2.475004643201828003e-01
-3.358810245990753174e-01
-2.750320732593536377e-01
-3.408574759960174561e-01
-2.707228660583496094e-01
-2.130112498998641968e-01
-2.648398876190185547e-01
-3.126028776168823242e-01
-9.614299982786178589e-02
-8.215215057134628296e-02
-8.676297962665557861e-02
-7.180668413639068604e-02
-1.854878067970275879e-01
-1.403152942657470703e-01
-1.705833077430725098e-01
-1.194080412387847900e-01
-1.602526903152465820e-01
-1.283501535654067993e-01
-1.486608982086181641e-01
-1.648736447095870972e-01
-1.619958877563476562e-01
-1.334282159805297852e-01
-1.469602137804031372e-01
-1.244119256734848022e-01
-1.563623398542404175e-01
-1.699571460485458374e-01
-1.443780958652496338e-01
-1.686862856149673462e-01
-1.303952336311340332e-01
-9.521167725324630737e-02
-1.005912795662879944e-01
-7.679688185453414917e-02
-4.561863094568252563e-02
-5.852428823709487915e-02
-1.163353472948074341e-01
-9.787410497665405273e-02
-1.250706166028976440e-01
-1.238681152462959290e-01
-1.056677401065826416e-01
-1.344944387674331665e-01
-1.372347027063369751e-01
-1.116883382201194763e-01
-1.087424010038375854e-01
-9.955018758773803711e-02
-1.247863620519638062e-01
-1.345001161098480225e-01
-1.060919389128684998e-01
-1.229808554053306580e-01
-1.268449872732162476e-01
-1.046850308775901794e-01
-6.119066104292869568e-02
-1.051884219050407410e-01
-7.402124255895614624e-02
-1.243497803807258606e-01
-1.262033730745315552e-01
-9.710693359375000000e-02
-1.232485473155975342e-01
-7.579574733972549438e-02
-1.283947527408599854e-01
-9.712394326925277710e-02
-1.170346513390541077e-01
-1.008270010352134705e-01
-9.258360415697097778e-02
-6.014262139797210693e-02
-5.871038883924484253e-02
-8.699037134647369385e-02
-7.554617524147033691e-02
-1.203937605023384094e-01
-1.153486743569374084e-01
-1.199757084250450134e-01
-1.108921319246292114e-01
-1.092025265097618103e-01
-1.411806046962738037e-01
-1.222513094544410706e-01
-1.074858084321022034e-01
-9.169184416532516479e-02
-1.017791032791137695e-01
-9.931137412786483765e-02
-6.784609705209732056e-02
-8.151040226221084595e-02
-7.385846227407455444e-02
-8.958358317613601685e-02
-8.720172941684722900e-02
-8.301844447851181030e-02
-6.745473295450210571e-02
-9.575259685516357422e-02
-5.159498006105422974e-02
-9.633477777242660522e-02
-6.002669781446456909e-02
-1.002458184957504272e-01
-7.594589889049530029e-02
-9.455319494009017944e-02
-4.687594249844551086e-02
-5.310738831758499146e-02
-3.038630634546279907e-02
-4.449225962162017822e-03
-8.567158132791519165e-02
-5.720332637429237366e-02
-1.052079498767852783e-01
-8.227969706058502197e-02
-8.911225944757461548e-02
-9.517274796962738037e-02
-8.391921222209930420e-02
-9.305496513843536377e-02
-5.927210301160812378e-02
-2.343784458935260773e-02
-1.254880800843238831e-02
-1.187601536512374878e-01
-1.341263353824615479e-01
-1.057505533099174500e-01
-1.455769538879394531e-01
-1.023805290460586548e-01
-8.192259818315505981e-02
-4.732020944356918335e-02
-8.784422534517943859e-04
-9.214903414249420166e-02
-6.778186559677124023e-02
-8.005397766828536987e-02
-7.301074266433715820e-02
-5.819575116038322449e-02
-8.472676388919353485e-03
-1.573447883129119873e-02
-1.479174047708511353e-01
-1.301207244396209717e-01
-1.401633024215698242e-01
-1.432946473360061646e-01
-1.202211901545524597e-01
-4.185074940323829651e-02
-3.811464831233024597e-02
2.506307326257228851e-03
-8.124697953462600708e-02
-1.004722863435745239e-01
-6.944058090448379517e-02
-5.775249004364013672e-02
-7.560909539461135864e-02
-7.088934630155563354e-02
-1.035511419177055359e-01
-7.592809945344924927e-02
-9.880106151103973389e-02
-6.982106715440750122e-02
-7.912884652614593506e-02
-4.830565676093101501e-02
-9.834319353103637695e-02
-7.777807861566543579e-02
-8.277890831232070923e-02
-5.935936421155929565e-02
-1.060621440410614014e-01
-7.116405665874481201e-02
-7.477961480617523193e-02
-5.831943079829216003e-02
-5.172196403145790100e-02
-4.570818692445755005e-02
-5.992791149765253067e-03
-9.597416967153549194e-02
-7.273788005113601685e-02
-7.817877084016799927e-02
-5.981182307004928589e-02
-9.372352808713912964e-02
-7.446799427270889282e-02
-7.347834110260009766e-02
-7.441374659538269043e-02
-8.480554819107055664e-02
-8.640188723802566528e-02
-8.915551751852035522e-02
-7.922784984111785889e-02
-1.040743216872215271e-01
-9.174663573503494263e-02
-9.389359503984451294e-02
-6.503821164369583130e-02
