-2.139117866754531860e-01
-2.469616830348968506e-01
-2.744964063167572021e-01
-2.130458801984786987e-01
-2.183364629745483398e-01
-2.350609749555587769e-01
-2.347021102905273438e-01
-3.095950484275817871e-01
-2.565113902091979980e-01
-2.031076997518539429e-01
-2.322362363338470459e-01
-3.048601746559143066e-01
-2.279522418975830078e-01
-2.951987087726593018e-01
-2.003688663244247437e-01
-2.624091804027557373e-01
-3.278896808624267578e-01
-2.627217769622802734e-01
-2.541396617889404297e-01
-2.814310491085052490e-01
-2.402013689279556274e-01
-1.892093569040298462e-01
-1.549204140901565552e-01
-2.403762489557266235e-01
-2.407795786857604980e-01
-2.905738949775695801e-01
-2.808858752250671387e-01
-2.423905581235885620e-01
-2.109208256006240845e-01
-2.934062480926513672e-01
-2.387218624353408813e-01
-3.147578239440917969e-01
-2.707232236862182617e-01
-2.040539383888244629e-01
-2.591772675514221191e-01
-3.070834875106811523e-01
-9.992450475692749023e-02
-1.103908866643905640e-01
-6.528103351593017578e-02
-9.193199872970581055e-02
-1.675422787666320801e-01
-1.372606903314590454e-01
-1.581817716360092163e-01
-1.243491321802139282e-01
-1.263248026371002197e-01
-1.342763006687164307e-01
-1.476333290338516235e-01
-1.445145457983016968e-01
-1.429956257343292236e-01
-1.262064129114151001e-01
-1.486274302005767822e-01
-1.352294683456420898e-01
-1.396156102418899536e-01
-1.688135862350463867e-01
-1.445392072200775146e-01
-1.654037833213806152e-01
-1.456689834594726562e-01
-1.353940218687057495e-01
-1.085376963019371033e-01
-9.102231264114379883e-02
-5.680860951542854309e-02
-7.733771950006484985e-02
-1.416858732700347900e-01
-1.020532548427581787e-01
-1.339749395847320557e-01
-1.136538535356521606e-01
-1.149703711271286011e-01
-1.341487169265747070e-01
-1.440552175045013428e-01
-1.027118489146232605e-01
-1.144902557134628296e-01
-1.078940033912658691e-01
-1.434471011161804199e-01
-1.332813799381256104e-01
-9.188983589410781860e-02
-1.202308014035224915e-01
-1.456223577260971069e-01
-9.548581391572952271e-02
-8.352972567081451416e-02
-1.119443103671073914e-01
-9.125714004039764404e-02
-1.205607429146766663e-01
-1.211586818099021912e-01
-1.114140972495079041e-01
-1.387555003166198730e-01
-8.354261517524719238e-02
-1.299886107444763184e-01
-1.079406589269638062e-01
-1.190244257450103760e-01
-1.307355761528015137e-01
-1.242419183254241943e-01
-9.434044361114501953e-02
-7.558520883321762085e-02
-8.774826675653457642e-02
-9.098955988883972168e-02
-1.356113702058792114e-01
-9.968244284391403198e-02
-1.077119857072830200e-01
-1.263937354087829590e-01
-1.220635026693344116e-01
-1.335624158382415771e-01
-1.271381676197052002e-01
-1.132843419909477234e-01
-1.081267148256301880e-01
-1.127791851758956909e-01
-8.567725121974945068e-02
-7.491353154182434082e-02
-9.261094033718109131e-02
-9.729390591382980347e-02
-1.016150265932083130e-01
-9.037270396947860718e-02
-5.843117833137512207e-02
-8.811728656291961670e-02
-1.011984422802925110e-01
-6.371852010488510132e-02
-1.154574006795883179e-01
-7.088873535394668579e-02
-9.861007332801818848e-02
-7.888191938400268555e-02
-1.087299734354019165e-01
-5.400973558425903320e-02
-6.515140086412429810e-02
-2.509965188801288605e-02
-2.884236723184585571e-02
-8.419901132583618164e-02
-6.060535088181495667e-02
-8.333851397037506104e-02
-7.201831787824630737e-02
-1.093479767441749573e-01
-9.295783936977386475e-02
-1.007936745882034302e-01
-9.250079095363616943e-02
-6.910885125398635864e-02
-3.458778932690620422e-02
-1.452865451574325562e-02
-1.224107295274734497e-01
-1.379307657480239868e-01
-1.184161752462387085e-01
-1.375946253538131714e-01
-1.221069619059562683e-01
-6.969822198152542114e-02
-2.536248415708541870e-02
-2.517680078744888306e-02
-1.072248965501785278e-01
-9.276158362627029419e-02
-1.010189652442932129e-01
-8.252739906311035156e-02
-5.392040312290191650e-02
-1.801487803459167480e-02
-8.541981689631938934e-03
-1.680058985948562622e-01
-1.292055249214172363e-01
-1.382043957710266113e-01
-1.346993893384933472e-01
-1.165467947721481323e-01
-6.287784129381179810e-02
-4.300099238753318787e-02
-2.519017457962036133e-02
-9.511321783065795898e-02
-1.009290367364883423e-01
-6.233666092157363892e-02
-8.851420134305953979e-02
-7.665701210498809814e-02
-9.456238895654678345e-02
-9.036316722631454468e-02
-1.217895597219467163e-01
-1.084874644875526428e-01
-8.271365612745285034e-02
-9.329327940940856934e-02
-6.882358342409133911e-02
-9.286816418170928955e-02
-8.205197006464004517e-02
-8.849829435348510742e-02
-9.077965468168258667e-02
-1.276669800281524658e-01
-9.466797113418579102e-02
-9.852681308984756470e-02
-8.480934053659439087e-02
-5.508875846862792969e-02
-4.695530608296394348e-02
-3.169459104537963867e-02
-8.634274452924728394e-02
-8.701601624488830566e-02
-7.833490520715713501e-02
-1.028929501771926880e-01
-1.098818778991699219e-01
-9.106784313917160034e-02
-9.072261303663253784e-02
-7.471911609172821045e-02
-9.070251882076263428e-02
-1.069986969232559204e-01
-8.593977242708206177e-02
-1.046260744333267212e-01
-1.114415675401687622e-01
-1.166832670569419861e-01
-1.132112815976142883e-01
-8.362757414579391479e-02
