-3.298091888427734375e-01
-3.248763680458068848e-01
-3.065878450870513916e-01
-2.678126692771911621e-01
-2.895877063274383545e-01
-2.619585990905761719e-01
-3.052015304565429688e-01
-3.612179756164550781e-01
-3.022345602512359619e-01
-3.230724632740020752e-01
-2.824309766292572021e-01
-3.805849254131317139e-01
-3.256045579910278320e-01
-3.554438054561614990e-01
-2.916117906570434570e-01
-3.544186353683471680e-01
-3.948774635791778564e-01
-3.618282377719879150e-01
-3.251489102840423584e-01
-3.172834217548370361e-01
-2.752964198589324951e-01
-2.854602634906768799e-01
-2.426320463418960571e-01
-2.794583141803741455e-01
-2.955407202243804932e-01
-3.493846654891967773e-01
-3.019416630268096924e-01
-3.555715978145599365e-01
-2.709745764732360840e-01
-3.912353217601776123e-01
-3.256521821022033691e-01
-3.862614035606384277e-01
-3.367577791213989258e-01
-3.015454113483428955e-01
-3.243034780025482178e-01
-3.852487206459045410e-01
-8.038824051618576050e-02
-8.329348266124725342e-02
-8.792249113321304321e-02
-4.204868525266647339e-02
-1.633270084857940674e-01
-1.550593674182891846e-01
-1.517524868249893188e-01
-1.405486762523651123e-01
-1.328100562095642090e-01
-1.123910844326019287e-01
-1.772641986608505249e-01
-2.056078314781188965e-01
-1.699886173009872437e-01
-1.274859160184860229e-01
-1.633817255496978760e-01
-1.306619048118591309e-01
-1.437894552946090698e-01
-1.585535258054733276e-01
-1.583658158779144287e-01
-1.635172665119171143e-01
-1.201959177851676941e-01
-1.114893630146980286e-01
-1.024895384907722473e-01
-8.981087803840637207e-02
-4.953777790069580078e-02
-3.703892230987548828e-02
-1.343145668506622314e-01
-9.795026481151580811e-02
-1.347188055515289307e-01
-1.389959454536437988e-01
-1.003666669130325317e-01
-1.239701882004737854e-01
-1.429825872182846069e-01
-1.072970703244209290e-01
-1.172125265002250671e-01
-8.633513748645782471e-02
-1.377518326044082642e-01
-1.189591065049171448e-01
-1.066439971327781677e-01
-1.470137983560562134e-01
-1.361796855926513672e-01
-8.932417631149291992e-02
-6.910326331853866577e-02
-1.118643730878829956e-01
-6.655938178300857544e-02
-1.081655099987983704e-01
-1.424400359392166138e-01
-1.044888123869895935e-01
-1.542255133390426636e-01
-6.593733280897140503e-02
-1.070308908820152283e-01
-9.084178507328033447e-02
-1.243731677532196045e-01
-1.231573894619941711e-01
-9.335017204284667969e-02
-9.164657443761825562e-02
-6.922232359647750854e-02
-8.663460612297058105e-02
-5.109422281384468079e-02
-1.402894407510757446e-01
-1.242183595895767212e-01
-1.725073009729385376e-01
-1.370202451944351196e-01
-1.041191369295120239e-01
-1.546026468276977539e-01
-1.244000047445297241e-01
-1.259952783584594727e-01
-8.910847455263137817e-02
-9.676408767700195312e-02
-1.065238341689109802e-01
-6.419587135314941406e-02
-9.345094859600067139e-02
-6.393117457628250122e-02
-1.088207364082336426e-01
-9.005773067474365234e-02
-8.246676623821258545e-02
-4.225525259971618652e-02
-8.887311816215515137e-02
-5.584147945046424866e-02
-9.381227195262908936e-02
-4.353554919362068176e-02
-1.009565293788909912e-01
-8.905985951423645020e-02
-1.112601831555366516e-01
-5.444676801562309265e-02
-6.966302543878555298e-02
-3.909111395478248596e-02
1.336575765162706375e-02
-9.538357704877853394e-02
-6.134764105081558228e-02
-1.032711863517761230e-01
-7.440374046564102173e-02
-9.742103517055511475e-02
-9.408863633871078491e-02
-8.023024350404739380e-02
-7.720637321472167969e-02
-7.400430738925933838e-02
-4.405444115400314331e-02
4.730166867375373840e-03
-1.278260946273803711e-01
-1.329818665981292725e-01
-1.009533479809761047e-01
-1.335088312625885010e-01
-1.167881637811660767e-01
-4.837120696902275085e-02
-2.745367772877216339e-02
-7.105213124305009842e-03
-1.081712692975997925e-01
-8.975829184055328369e-02
-8.970911800861358643e-02
-5.856635048985481262e-02
-6.440538913011550903e-02
-2.283708751201629639e-02
-4.520644433796405792e-03
-1.905531436204910278e-01
-1.860544085502624512e-01
-1.720830649137496948e-01
-1.518466919660568237e-01
-1.179264634847640991e-01
-5.903806164860725403e-02
-2.931753732264041901e-02
6.049092393368482590e-03
-1.245040670037269592e-01
-1.115151792764663696e-01
-7.192393392324447632e-02
-4.123104363679885864e-02
-1.008610129356384277e-01
-1.137429624795913696e-01
-1.121226251125335693e-01
-6.942256540060043335e-02
-1.056875139474868774e-01
-8.708626776933670044e-02
-7.945137470960617065e-02
-3.930635005235671997e-02
-1.048524007201194763e-01
-1.133741736412048340e-01
-7.657481729984283447e-02
-5.022188648581504822e-02
-9.536118060350418091e-02
-9.606224298477172852e-02
-7.182078808546066284e-02
-6.194402649998664856e-02
-3.818592801690101624e-02
-4.848250746726989746e-02
-1.361186616122722626e-02
-1.259703636169433594e-01
-9.496725350618362427e-02
-7.925099134445190430e-02
-4.713171347975730896e-02
-1.065989136695861816e-01
-8.720223605632781982e-02
-6.180582195520401001e-02
-4.817811772227287292e-02
-9.888593852519989014e-02
-9.648369997739791870e-02
-9.829491376876831055e-02
-8.211512118577957153e-02
-1.077613234519958496e-01
-6.445951759815216064e-02
-8.016125112771987915e-02
-6.873044371604919434e-02
