-2.680528163909912109e-01
-2.504575550556182861e-01
-2.763568162918090820e-01
-1.982483118772506714e-01
-2.317421138286590576e-01
-1.996551007032394409e-01
-2.494331300258636475e-01
-3.389889001846313477e-01
-2.615966796875000000e-01
-2.075416445732116699e-01
-2.350172996520996094e-01
-3.063283562660217285e-01
-2.220964431762695312e-01
-2.987836897373199463e-01
-1.835325658321380615e-01
-2.187110185623168945e-01
-3.369697630405426025e-01
-2.605786025524139404e-01
-2.770746648311614990e-01
-2.606672644615173340e-01
-2.194633930921554565e-01
-1.943483203649520874e-01
-1.445788145065307617e-01
-2.148980349302291870e-01
-2.673041522502899170e-01
-2.733403444290161133e-01
-2.194138914346694946e-01
-2.591934502124786377e-01
-2.032586932182312012e-01
-2.728270888328552246e-01
-2.193151861429214478e-01
-3.075065612792968750e-01
-2.709278464317321777e-01
-1.885141283273696899e-01
-2.327170670032501221e-01
-2.869167923927307129e-01
-8.634498715400695801e-02
-1.045790091156959534e-01
-7.571149617433547974e-02
-6.178258359432220459e-02
-1.424473524093627930e-01
-1.487899124622344971e-01
-1.607251018285751343e-01
-1.297419220209121704e-01
-1.579252928495407104e-01
-1.304193437099456787e-01
-1.571768373250961304e-01
-1.325418353080749512e-01
-1.450458765029907227e-01
-1.150308847427368164e-01
-1.503406316041946411e-01
-1.083452105522155762e-01
-1.392046660184860229e-01
-1.570476740598678589e-01
-1.569899320602416992e-01
-1.194058135151863098e-01
-1.414878964424133301e-01
-1.072722449898719788e-01
-8.543970435857772827e-02
-8.740001916885375977e-02
-5.952442809939384460e-02
-5.337831377983093262e-02
-1.175560206174850464e-01
-1.024515107274055481e-01
-1.105647608637809753e-01
-1.344165802001953125e-01
-8.326298743486404419e-02
-1.383768916130065918e-01
-1.497004777193069458e-01
-1.130752563476562500e-01
-1.096155643463134766e-01
-1.080587357282638550e-01
-1.146234422922134399e-01
-1.247309967875480652e-01
-1.116020157933235168e-01
-1.221942156553268433e-01
-1.129628270864486694e-01
-9.022703021764755249e-02
-5.197365209460258484e-02
-1.024208664894104004e-01
-7.885409891605377197e-02
-1.166476309299468994e-01
-1.040879562497138977e-01
-8.528791368007659912e-02
-1.180109083652496338e-01
-6.171304732561111450e-02
-1.064317002892494202e-01
-9.681411832571029663e-02
-1.144750565290451050e-01
-1.001983508467674255e-01
-8.497006446123123169e-02
-1.021437570452690125e-01
-8.822093904018402100e-02
-1.073191389441490173e-01
-5.739318206906318665e-02
-1.317727416753768921e-01
-1.183204874396324158e-01
-1.147495806217193604e-01
-1.096276342868804932e-01
-8.744481205940246582e-02
-1.275057196617126465e-01
-1.169677153229713440e-01
-1.394422203302383423e-01
-8.990867435932159424e-02
-1.035838052630424500e-01
-1.140175908803939819e-01
-6.492009758949279785e-02
-8.752183616161346436e-02
-7.731771469116210938e-02
-1.108710244297981262e-01
-9.097327291965484619e-02
-5.864923447370529175e-02
-5.773079022765159607e-02
-1.043221727013587952e-01
-5.712732672691345215e-02
-9.763893485069274902e-02
-6.064294651150703430e-02
-1.036473587155342102e-01
-6.066973879933357239e-02
-6.941757351160049438e-02
-3.011784702539443970e-02
-5.558971688151359558e-02
-9.356162510812282562e-03
-1.113587338477373123e-02
-1.157010570168495178e-01
-6.649235635995864868e-02
-9.413344413042068481e-02
-5.632658675312995911e-02
-1.181755214929580688e-01
-1.032285988330841064e-01
-8.315069228410720825e-02
-5.708874017000198364e-02
-3.485069423913955688e-02
-5.917866900563240051e-02
2.137018181383609772e-02
-1.366221904754638672e-01
-1.192022487521171570e-01
-9.872359782457351685e-02
-1.259327828884124756e-01
-1.012585461139678955e-01
-4.496186599135398865e-02
-1.877015270292758942e-02
-8.850056678056716919e-03
-7.940942049026489258e-02
-7.061932981014251709e-02
-8.033791184425354004e-02
-6.138124689459800720e-02
-4.572562873363494873e-02
-1.799544133245944977e-02
-3.952783066779375076e-03
-1.605138033628463745e-01
-1.204479783773422241e-01
-1.489949822425842285e-01
-1.032704561948776245e-01
-8.999287337064743042e-02
-4.406120628118515015e-02
-3.807925060391426086e-02
-1.056749187409877777e-02
-9.499692171812057495e-02
-9.004051238298416138e-02
-6.120220199227333069e-02
-5.391801148653030396e-02
-9.261327236890792847e-02
-8.770726621150970459e-02
-1.003985553979873657e-01
-8.385312557220458984e-02
-1.200590282678604126e-01
-8.489173650741577148e-02
-7.914993166923522949e-02
-4.822536185383796692e-02
-9.673871845006942749e-02
-8.310097455978393555e-02
-9.374502301216125488e-02
-6.827095150947570801e-02
-8.661238849163055420e-02
-7.985270023345947266e-02
-7.644147425889968872e-02
-7.845374941825866699e-02
-4.903492704033851624e-02
-3.580003976821899414e-02
-1.858475245535373688e-02
-6.498038023710250854e-02
-8.058097213506698608e-02
-8.170950412750244141e-02
-7.348401099443435669e-02
-1.022990420460700989e-01
-6.604331731796264648e-02
-6.343093514442443848e-02
-6.143348664045333862e-02
-9.543488919734954834e-02
-9.047002345323562622e-02
-8.528389781713485718e-02
-7.228983193635940552e-02
-9.783227741718292236e-02
-8.585221320390701294e-02
-7.552385330200195312e-02
-6.757113337516784668e-02
