-2.151364535093307495e-01
-2.138037681579589844e-01
-2.549903690814971924e-01
-2.240945547819137573e-01
-2.370598018169403076e-01
-2.215741574764251709e-01
-2.534134089946746826e-01
-2.939757704734802246e-01
-2.676620781421661377e-01
-3.090340495109558105e-01
-2.754737734794616699e-01
-3.275510072708129883e-01
-2.843450307846069336e-01
-3.371350765228271484e-01
-2.715806663036346436e-01
-3.304406404495239258e-01
-3.127644956111907959e-01
-3.570270240306854248e-01
-2.543499767780303955e-01
-2.593448162078857422e-01
-2.272151112556457520e-01
-2.699288427829742432e-01
-2.606769502162933350e-01
-2.525427341461181641e-01
-2.522340416908264160e-01
-2.640150189399719238e-01
-2.722712159156799316e-01
-2.985716760158538818e-01
-2.489202767610549927e-01
-3.573590517044067383e-01
-3.043447732925415039e-01
-3.388879299163818359e-01
-2.580406069755554199e-01
-3.005842268466949463e-01
-3.006098270416259766e-01
-3.462161123752593994e-01
-6.001124531030654907e-02
-6.424344331026077271e-02
-3.753655031323432922e-02
1.900050230324268341e-02
-1.307245492935180664e-01
-1.314417868852615356e-01
-7.259177416563034058e-02
-9.260582923889160156e-02
-9.640738368034362793e-02
-7.125426828861236572e-02
-1.172247380018234253e-01
-1.290780603885650635e-01
-1.350216567516326904e-01
-1.106989532709121704e-01
-1.350998431444168091e-01
-1.022442653775215149e-01
-1.133865341544151306e-01
-1.219287738204002380e-01
-1.168977171182632446e-01
-1.165082231163978577e-01
-1.075824126601219177e-01
-6.509712338447570801e-02
-8.479397743940353394e-02
-8.632987737655639648e-02
-2.729692310094833374e-02
-1.725416071712970734e-02
-1.251084357500076294e-01
-5.031270906329154968e-02
-9.199640899896621704e-02
-1.003406196832656860e-01
-6.356332451105117798e-02
-1.145987510681152344e-01
-8.680605888366699219e-02
-6.980504095554351807e-02
-7.469230145215988159e-02
-6.766916811466217041e-02
-9.384703636169433594e-02
-9.801016002893447876e-02
-6.814783811569213867e-02
-1.052854806184768677e-01
-1.107825189828872681e-01
-9.338938444852828979e-02
-3.874175250530242920e-02
-1.075246557593345642e-01
-4.382649809122085571e-02
-1.520013958215713501e-01
-9.049845486879348755e-02
-1.019481867551803589e-01
-1.245939955115318298e-01
-5.007770657539367676e-02
-1.024676263332366943e-01
-7.109227031469345093e-02
-8.893751353025436401e-02
-7.319337874650955200e-02
-7.003437727689743042e-02
-7.248339056968688965e-02
-4.685425758361816406e-02
-6.093643605709075928e-02
-8.416375145316123962e-03
-1.112666279077529907e-01
-9.166213124990463257e-02
-8.569943159818649292e-02
-8.577422052621841431e-02
-7.710920274257659912e-02
-1.030199229717254639e-01
-8.446542173624038696e-02
-9.162280708551406860e-02
-4.266727715730667114e-02
-5.668994784355163574e-02
-8.284470438957214355e-02
-3.746194392442703247e-02
-7.454435527324676514e-02
-3.695394098758697510e-02
-6.868819147348403931e-02
-6.660448014736175537e-02
-2.872196026146411896e-02
-1.111889956519007683e-03
-1.005515307188034058e-01
-3.356601670384407043e-02
-8.970035612583160400e-02
-1.513621583580970764e-02
-1.048166602849960327e-01
-5.694227293133735657e-02
-7.824686169624328613e-02
-3.679031133651733398e-02
-3.252749890089035034e-02
-2.736005373299121857e-02
2.596125751733779907e-02
-7.681405544281005859e-02
-3.922232985496520996e-02
-9.000886976718902588e-02
-5.994809046387672424e-02
-9.142579883337020874e-02
-9.106856584548950195e-02
-5.617994442582130432e-02
-4.550649598240852356e-02
-2.467157132923603058e-02
-1.431112643331289291e-02
7.105270773172378540e-02
-9.258181601762771606e-02
-8.418440073728561401e-02
-8.907990157604217529e-02
-1.117770224809646606e-01
-1.048213541507720947e-01
-5.175077170133590698e-02
-2.305157482624053955e-02
1.556469593197107315e-02
-7.135184109210968018e-02
-4.272770136594772339e-02
-6.298613548278808594e-02
-3.083218075335025787e-02
-6.146344542503356934e-02
-4.935281816869974136e-03
-4.116497002542018890e-03
-1.345411092042922974e-01
-1.396149247884750366e-01
-1.428869962692260742e-01
-1.113508790731430054e-01
-9.934531152248382568e-02
-4.078727215528488159e-02
-1.388024911284446716e-02
4.463232681155204773e-02
-8.196666836738586426e-02
-5.541322007775306702e-02
-3.311653062701225281e-02
-1.392648555338382721e-02
-7.271676510572433472e-02
-6.475659459829330444e-02
-6.954476237297058105e-02
-6.495186686515808105e-02
-6.083808094263076782e-02
-2.640553191304206848e-02
-5.666222050786018372e-02
-2.669165842235088348e-02
-5.749842151999473572e-02
-5.151627212762832642e-02
-6.350276619195938110e-02
1.760000828653573990e-03
-6.476096808910369873e-02
-4.200812056660652161e-02
-7.345036417245864868e-02
-3.901549056172370911e-02
-3.299250826239585876e-02
-4.434872418642044067e-02
2.862337278202176094e-03
-6.305428594350814819e-02
-5.150189995765686035e-02
-5.969153344631195068e-02
2.421124652028083801e-02
-8.666414767503738403e-02
-7.011471688747406006e-02
-3.553575649857521057e-02
-2.714690193533897400e-02
-7.386912405490875244e-02
-7.063677906990051270e-02
-6.284983456134796143e-02
-7.055377960205078125e-02
-8.492157608270645142e-02
-4.904736950993537903e-02
-7.709825038909912109e-02
2.961786929517984390e-03
