-2.659437358379364014e-01
-2.520831823348999023e-01
-2.806113660335540771e-01
-2.128249257802963257e-01
-2.349163889884948730e-01
-2.298521548509597778e-01
-2.652482092380523682e-01
-3.187303245067596436e-01
-2.486534118652343750e-01
-2.188888192176818848e-01
-2.516654729843139648e-01
-3.426458239555358887e-01
-2.529410123825073242e-01
-3.227750957012176514e-01
-2.294880002737045288e-01
-2.490712851285934448e-01
-3.588986694812774658e-01
-2.831616401672363281e-01
-2.641949951648712158e-01
-2.750017642974853516e-01
-2.601254582405090332e-01
-2.037331312894821167e-01
-1.962788850069046021e-01
-2.414295524358749390e-01
-2.744838297367095947e-01
-2.823450565338134766e-01
-2.806903123855590820e-01
-2.704285681247711182e-01
-2.463051080703735352e-01
-3.072849810123443604e-01
-2.501271069049835205e-01
-3.250601589679718018e-01
-2.850645184516906738e-01
-2.135856449604034424e-01
-2.405048012733459473e-01
-3.030203878879547119e-01
-9.540446847677230835e-02
-7.812703400850296021e-02
-7.102125138044357300e-02
-7.669223845005035400e-02
-1.399998515844345093e-01
-1.328753679990768433e-01
-1.419781893491744995e-01
-1.390620470046997070e-01
-1.649897992610931396e-01
-1.268062144517898560e-01
-1.505303084850311279e-01
-1.435425728559494019e-01
-1.690777093172073364e-01
-1.194888278841972351e-01
-1.494859158992767334e-01
-1.313329786062240601e-01
-1.488672047853469849e-01
-1.714449673891067505e-01
-1.528999209403991699e-01
-1.649998128414154053e-01
-1.316595524549484253e-01
-1.307236701250076294e-01
-8.985672891139984131e-02
-8.534933626651763916e-02
-5.879219248890876770e-02
-6.366293877363204956e-02
-1.195600181818008423e-01
-8.278805762529373169e-02
-1.242660731077194214e-01
-1.465809941291809082e-01
-1.017491072416305542e-01
-1.403927803039550781e-01
-1.315182000398635864e-01
-1.018438339233398438e-01
-1.093321964144706726e-01
-1.175789907574653625e-01
-1.259644180536270142e-01
-1.299035847187042236e-01
-1.229669675230979919e-01
-1.269908845424652100e-01
-1.307018399238586426e-01
-1.155573055148124695e-01
-7.098294049501419067e-02
-8.552002161741256714e-02
-7.852986454963684082e-02
-1.094854846596717834e-01
-1.011576503515243530e-01
-1.041296273469924927e-01
-1.407633274793624878e-01
-9.197033941745758057e-02
-1.424023956060409546e-01
-1.045389920473098755e-01
-1.255508065223693848e-01
-1.426434218883514404e-01
-1.191981881856918335e-01
-8.666819334030151367e-02
-7.693716138601303101e-02
-8.799238502979278564e-02
-9.229974448680877686e-02
-1.338725090026855469e-01
-9.786184877157211304e-02
-1.440945714712142944e-01
-1.306477785110473633e-01
-1.162168085575103760e-01
-1.445800960063934326e-01
-1.229346692562103271e-01
-1.363060176372528076e-01
-1.012047827243804932e-01
-1.072646081447601318e-01
-9.380169212818145752e-02
-7.249366492033004761e-02
-8.708515018224716187e-02
-7.875254750251770020e-02
-1.068569570779800415e-01
-1.078631430864334106e-01
-7.644601911306381226e-02
-7.945227622985839844e-02
-9.672628343105316162e-02
-6.890179961919784546e-02
-8.942937850952148438e-02
-8.461497724056243896e-02
-1.186185851693153381e-01
-7.985077798366546631e-02
-8.368919789791107178e-02
-7.205749303102493286e-02
-5.573857575654983521e-02
-3.461430594325065613e-02
-1.461356785148382187e-02
-8.889918029308319092e-02
-7.398353517055511475e-02
-1.054428666830062866e-01
-9.241646528244018555e-02
-1.225028112530708313e-01
-9.823352843523025513e-02
-8.553294837474822998e-02
-9.321565926074981689e-02
-5.600348487496376038e-02
-3.564504161477088928e-02
-1.433559227734804153e-02
-1.208856925368309021e-01
-1.287251859903335571e-01
-1.406859457492828369e-01
-1.277150511741638184e-01
-1.073022186756134033e-01
-2.915992774069309235e-02
-4.256753623485565186e-02
-2.408420480787754059e-02
-9.171532094478607178e-02
-7.877947390079498291e-02
-9.013538062572479248e-02
-7.621058821678161621e-02
-8.887427300214767456e-02
-1.825272664427757263e-02
-3.687069192528724670e-02
-1.591121107339859009e-01
-1.467958390712738037e-01
-1.138086616992950439e-01
-1.235865578055381775e-01
-1.060101762413978577e-01
-6.629774719476699829e-02
-4.695959761738777161e-02
7.776246056891977787e-04
-1.210533231496810913e-01
-7.818986475467681885e-02
-7.467947155237197876e-02
-7.164437323808670044e-02
-9.144642949104309082e-02
-9.392220526933670044e-02
-1.069356650114059448e-01
-7.853480428457260132e-02
-1.076694726943969727e-01
-6.258805841207504272e-02
-8.683586865663528442e-02
-7.332867383956909180e-02
-1.003428772091865540e-01
-7.622696459293365479e-02
-7.619081437587738037e-02
-6.330329924821853638e-02
-1.148598045110702515e-01
-6.545102596282958984e-02
-8.691985905170440674e-02
-6.505277007818222046e-02
-5.583570152521133423e-02
-4.612257331609725952e-02
-3.166744858026504517e-02
-1.264899522066116333e-01
-7.991919666528701782e-02
-7.799968868494033813e-02
-6.862969696521759033e-02
-1.070727631449699402e-01
-8.743777126073837280e-02
-8.968260884284973145e-02
-8.039048314094543457e-02
-9.068740159273147583e-02
-9.593226015567779541e-02
-1.075872480869293213e-01
-1.020937338471412659e-01
-1.158207505941390991e-01
-7.320746034383773804e-02
-9.311036020517349243e-02
-8.164072781801223755e-02
