-2.667932510375976562e-01
-2.651827335357666016e-01
-2.963738143444061279e-01
-2.368221431970596313e-01
-2.718298137187957764e-01
-2.584203779697418213e-01
-3.116575181484222412e-01
-3.678238391876220703e-01
-2.933601737022399902e-01
-2.690760195255279541e-01
-2.834747135639190674e-01
-3.989978134632110596e-01
-3.007861673831939697e-01
-3.527184724807739258e-01
-2.320022732019424438e-01
-3.203602433204650879e-01
-3.830075562000274658e-01
-3.112812638282775879e-01
-2.862917780876159668e-01
-2.954994440078735352e-01
-2.888137102127075195e-01
-2.386941909790039062e-01
-2.106379866600036621e-01
-2.981624603271484375e-01
-3.006537556648254395e-01
-3.156643509864807129e-01
-2.403107732534408569e-01
-3.541703820228576660e-01
-2.686866223812103271e-01
-3.319146633148193359e-01
-3.001303672790527344e-01
-3.678371906280517578e-01
-3.254634737968444824e-01
-2.726090848445892334e-01
-3.088265359401702881e-01
-3.324405252933502197e-01
-1.031307652592658997e-01
-9.873202443122863770e-02
-7.013671100139617920e-02
-8.004108816385269165e-02
-1.578438431024551392e-01
-1.473873704671859741e-01
-1.546226888895034790e-01
-1.288767457008361816e-01
-1.881970614194869995e-01
-1.275705844163894653e-01
-1.558018028736114502e-01
-1.681300252676010132e-01
-1.548508405685424805e-01
-1.364383846521377563e-01
-1.602817326784133911e-01
-1.394424885511398315e-01
-1.610495299100875854e-01
-1.676228046417236328e-01
-1.498383730649948120e-01
-1.806546449661254883e-01
-1.285987645387649536e-01
-1.369457393884658813e-01
-1.050925180315971375e-01
-1.140956655144691467e-01
-5.649387836456298828e-02
-5.742203444242477417e-02
-1.438752263784408569e-01
-1.006606817245483398e-01
-1.234487295150756836e-01
-1.427605599164962769e-01
-1.214614734053611755e-01
-1.465283334255218506e-01
-1.337965130805969238e-01
-1.055079996585845947e-01
-1.250723302364349365e-01
-1.226040944457054138e-01
-1.269632279872894287e-01
-1.361234039068222046e-01
-1.160089299082756042e-01
-1.205964982509613037e-01
-1.450420469045639038e-01
-9.822242707014083862e-02
-6.257431954145431519e-02
-9.985386580228805542e-02
-9.729576110839843750e-02
-1.214591711759567261e-01
-1.296179294586181641e-01
-1.077082231640815735e-01
-1.498303562402725220e-01
-9.720657765865325928e-02
-1.516856998205184937e-01
-1.010806411504745483e-01
-1.382456570863723755e-01
-1.397304683923721313e-01
-1.191791892051696777e-01
-1.198020949959754944e-01
-7.591316103935241699e-02
-9.598543494939804077e-02
-8.982633799314498901e-02
-1.622200161218643188e-01
-1.184993311762809753e-01
-1.470000147819519043e-01
-1.397997736930847168e-01
-1.320790350437164307e-01
-1.660029143095016479e-01
-1.332094222307205200e-01
-1.527978479862213135e-01
-1.087275594472885132e-01
-1.154919192194938660e-01
-1.029780358076095581e-01
-9.067705273628234863e-02
-8.591854572296142578e-02
-1.012933850288391113e-01
-1.047789976000785828e-01
-1.069032251834869385e-01
-6.333935260772705078e-02
-8.685755729675292969e-02
-8.995545655488967896e-02
-7.927553355693817139e-02
-1.061286032199859619e-01
-6.578895449638366699e-02
-9.777369350194931030e-02
-7.784724980592727661e-02
-6.545775383710861206e-02
-6.597784906625747681e-02
-6.016808375716209412e-02
-3.174569830298423767e-02
-1.586705632507801056e-02
-1.003310829401016235e-01
-7.245847582817077637e-02
-1.108028441667556763e-01
-9.694326668977737427e-02
-1.042490154504776001e-01
-1.222736984491348267e-01
-8.258019387722015381e-02
-1.013272479176521301e-01
-6.984192132949829102e-02
-3.901289775967597961e-02
-1.755428314208984375e-02
-1.527452170848846436e-01
-1.550083905458450317e-01
-1.280093938112258911e-01
-1.480744630098342896e-01
-1.305150538682937622e-01
-5.561174079775810242e-02
-3.990558534860610962e-02
-2.894091419875621796e-02
-1.064078658819198608e-01
-8.493973314762115479e-02
-7.779699563980102539e-02
-8.610701560974121094e-02
-6.613382697105407715e-02
-2.393963560461997986e-02
-3.029344230890274048e-02
-1.828088164329528809e-01
-1.302571296691894531e-01
-1.431949138641357422e-01
-1.468056291341781616e-01
-1.228350028395652771e-01
-6.427177041769027710e-02
-4.445264488458633423e-02
-9.858160279691219330e-03
-1.217391192913055420e-01
-9.469514340162277222e-02
-7.223118096590042114e-02
-7.250332087278366089e-02
-9.512947499752044678e-02
-1.247794553637504578e-01
-8.603446930646896362e-02
-1.108420938253402710e-01
-1.072351559996604919e-01
-7.372345775365829468e-02
-9.647768735885620117e-02
-7.077723741531372070e-02
-8.101579546928405762e-02
-9.609703719615936279e-02
-9.752633422613143921e-02
-5.974534526467323303e-02
-1.407878547906875610e-01
-9.817212074995040894e-02
-1.007607281208038330e-01
-7.188972830772399902e-02
-4.041138291358947754e-02
-5.799495801329612732e-02
-5.440839752554893494e-02
-1.250686645507812500e-01
-8.444881439208984375e-02
-7.843486964702606201e-02
-8.245846629142761230e-02
-9.458970278501510620e-02
-8.335427939891815186e-02
-7.645453512668609619e-02
-7.998708635568618774e-02
-1.117752864956855774e-01
-9.223799407482147217e-02
-1.040676683187484741e-01
-1.104566529393196106e-01
-1.132508218288421631e-01
-8.340466767549514771e-02
-1.009316220879554749e-01
-6.871441751718521118e-02
