-2.756002843379974365e-01
-2.964590191841125488e-01
-3.053531348705291748e-01
-2.330355495214462280e-01
-2.627607583999633789e-01
-2.693681120872497559e-01
-3.083534836769104004e-01
-3.635087609291076660e-01
-3.314624428749084473e-01
-2.836405932903289795e-01
-2.850123345851898193e-01
-3.747492730617523193e-01
-2.857029736042022705e-01
-3.598532974720001221e-01
-2.428243309259414673e-01
-3.169937133789062500e-01
-3.769882917404174805e-01
-3.380588889122009277e-01
-3.032195568084716797e-01
-2.944051027297973633e-01
-2.763890326023101807e-01
-2.615004777908325195e-01
-2.070150077342987061e-01
-2.608278989791870117e-01
-2.936654090881347656e-01
-3.319419622421264648e-01
-2.561119794845581055e-01
-3.127388060092926025e-01
-2.635800242424011230e-01
-3.430133163928985596e-01
-3.115512728691101074e-01
-3.405855298042297363e-01
-3.328568041324615479e-01
-2.788132727146148682e-01
-3.107832074165344238e-01
-3.471155762672424316e-01
-1.076267957687377930e-01
-1.084355637431144714e-01
-7.166910171508789062e-02
-5.325264483690261841e-02
-1.744469851255416870e-01
-1.466756165027618408e-01
-1.373782753944396973e-01
-1.293308287858963013e-01
-1.772745400667190552e-01
-1.292077004909515381e-01
-1.779925227165222168e-01
-1.761064082384109497e-01
-1.669054776430130005e-01
-1.419279724359512329e-01
-1.523464620113372803e-01
-1.347221136093139648e-01
-1.594063341617584229e-01
-1.609670370817184448e-01
-1.647944897413253784e-01
-1.648214012384414673e-01
-1.456035673618316650e-01
-1.078760549426078796e-01
-1.025401651859283447e-01
-1.046039611101150513e-01
-6.254390627145767212e-02
-3.215709701180458069e-02
-1.186176910996437073e-01
-9.956602007150650024e-02
-1.366141885519027710e-01
-1.299004107713699341e-01
-1.045805215835571289e-01
-1.347971856594085693e-01
-1.151928678154945374e-01
-9.658251702785491943e-02
-1.238320767879486084e-01
-9.168861806392669678e-02
-1.284557282924652100e-01
-1.281047016382217407e-01
-1.219965592026710510e-01
-1.396586894989013672e-01
-1.281486153602600098e-01
-1.017302349209785461e-01
-6.571025401353836060e-02
-1.153883337974548340e-01
-7.249423861503601074e-02
-1.172422170639038086e-01
-1.214262694120407104e-01
-1.160418763756752014e-01
-1.413781344890594482e-01
-6.736726313829421997e-02
-1.365438848733901978e-01
-1.002725958824157715e-01
-1.374370753765106201e-01
-1.103176251053810120e-01
-9.828225523233413696e-02
-9.626264125108718872e-02
-7.480423152446746826e-02
-7.935705780982971191e-02
-5.530647933483123779e-02
-1.383786946535110474e-01
-1.160353869199752808e-01
-1.468908637762069702e-01
-1.365309357643127441e-01
-1.010974496603012085e-01
-1.421144902706146240e-01
-1.453093439340591431e-01
-1.311475932598114014e-01
-9.955410659313201904e-02
-8.302641659975051880e-02
-9.272375702857971191e-02
-7.085993885993957520e-02
-9.248494356870651245e-02
-5.727452784776687622e-02
-9.533647447824478149e-02
-6.637864559888839722e-02
-6.290125846862792969e-02
-5.886968970298767090e-02
-1.112857088446617126e-01
-6.347677111625671387e-02
-1.151216402649879456e-01
-5.531010776758193970e-02
-7.687414437532424927e-02
-8.552473783493041992e-02
-1.227228865027427673e-01
-3.611316531896591187e-02
-5.746371671557426453e-02
-4.755882173776626587e-02
1.421085931360721588e-02
-1.217657029628753662e-01
-7.447924464941024780e-02
-1.004898101091384888e-01
-9.163003414869308472e-02
-1.449660956859588623e-01
-1.169321238994598389e-01
-8.284603804349899292e-02
-7.859495282173156738e-02
-5.862741544842720032e-02
-4.145108535885810852e-02
-3.282095072790980339e-03
-1.373327225446701050e-01
-1.509762704372406006e-01
-1.275974065065383911e-01
-1.118491739034652710e-01
-1.151938512921333313e-01
-7.489234954118728638e-02
-1.954091712832450867e-02
-5.607550963759422302e-03
-8.935873210430145264e-02
-9.214928746223449707e-02
-9.453156590461730957e-02
-5.365872010588645935e-02
-7.985770702362060547e-02
-1.765227876603603363e-02
-1.981800980865955353e-02
-1.839240938425064087e-01
-1.633680611848831177e-01
-1.688924729824066162e-01
-1.426509469747543335e-01
-1.165732219815254211e-01
-5.594452843070030212e-02
-3.130666166543960571e-02
1.826205663383007050e-02
-1.177097037434577942e-01
-1.081483140587806702e-01
-7.496748864650726318e-02
-5.393813177943229675e-02
-1.029105857014656067e-01
-1.078465953469276428e-01
-1.010149046778678894e-01
-8.036875724792480469e-02
-9.386739134788513184e-02
-6.514656543731689453e-02
-8.624757826328277588e-02
-4.437582939863204956e-02
-9.515318274497985840e-02
-8.356951922178268433e-02
-8.580125123262405396e-02
-6.377444416284561157e-02
-9.721480309963226318e-02
-7.870124280452728271e-02
-8.460308611392974854e-02
-6.471195816993713379e-02
-5.547588318586349487e-02
-5.987657606601715088e-02
-1.889581233263015747e-02
-9.198793023824691772e-02
-8.763386309146881104e-02
-7.558629661798477173e-02
-5.550616979598999023e-02
-9.602174907922744751e-02
-1.013888567686080933e-01
-8.053178340196609497e-02
-6.335484981536865234e-02
-1.047811582684516907e-01
-1.025483608245849609e-01
-7.460843026638031006e-02
-8.043950051069259644e-02
-9.435466676950454712e-02
-8.808214962482452393e-02
-8.819546550512313843e-02
-6.885918974876403809e-02
