-2.938107550144195557e-01
-2.997110188007354736e-01
-3.236125707626342773e-01
-2.749342024326324463e-01
-2.865147888660430908e-01
-2.654795348644256592e-01
-2.990210056304931641e-01
-3.418527841567993164e-01
-3.304367363452911377e-01
-3.487376272678375244e-01
-3.034757971763610840e-01
-4.013248980045318604e-01
-3.384967446327209473e-01
-3.509361743927001953e-01
-2.820082902908325195e-01
-3.581794202327728271e-01
-4.047045111656188965e-01
-3.496737778186798096e-01
-3.106384277343750000e-01
-2.846203446388244629e-01
-2.572949528694152832e-01
-2.934944331645965576e-01
-2.443368881940841675e-01
-2.936888039112091064e-01
-3.017564117908477783e-01
-3.234822750091552734e-01
-2.871483564376831055e-01
-3.618792295455932617e-01
-2.713291645050048828e-01
-4.059914350509643555e-01
-3.352304995059967041e-01
-3.923110663890838623e-01
-3.273578286170959473e-01
-3.274175226688385010e-01
-3.375924825668334961e-01
-3.583047688007354736e-01
-8.884166181087493896e-02
-1.201121211051940918e-01
-9.057076275348663330e-02
-4.957397654652595520e-02
-1.708191037178039551e-01
-1.831081062555313110e-01
-1.669391393661499023e-01
-1.303723156452178955e-01
-1.526474505662918091e-01
-1.127129718661308289e-01
-1.587221175432205200e-01
-1.895532608032226562e-01
-1.716932654380798340e-01
-1.498008072376251221e-01
-1.626462489366531372e-01
-1.302216649055480957e-01
-1.472857147455215454e-01
-1.724066138267517090e-01
-1.568865925073623657e-01
-1.727935671806335449e-01
-1.391202956438064575e-01
-1.026226580142974854e-01
-1.059926897287368774e-01
-9.859327226877212524e-02
-5.675960704684257507e-02
-3.834858909249305725e-02
-1.547063440084457397e-01
-9.061055630445480347e-02
-1.323904842138290405e-01
-1.567583978176116943e-01
-8.628273755311965942e-02
-1.398260295391082764e-01
-1.296981871128082275e-01
-1.012437567114830017e-01
-1.356837004423141479e-01
-9.333538264036178589e-02
-1.475072205066680908e-01
-1.292096078395843506e-01
-1.216203868389129639e-01
-1.458827406167984009e-01
-1.267595887184143066e-01
-1.059003844857215881e-01
-6.777846068143844604e-02
-1.317561566829681396e-01
-6.819492578506469727e-02
-1.291844844818115234e-01
-1.361701637506484985e-01
-1.165274381637573242e-01
-1.610728204250335693e-01
-5.881411582231521606e-02
-1.359391361474990845e-01
-1.034958288073539734e-01
-1.251601129770278931e-01
-1.092339083552360535e-01
-9.139283746480941772e-02
-1.009391397237777710e-01
-7.847725600004196167e-02
-8.639563620090484619e-02
-5.074422806501388550e-02
-1.636180579662322998e-01
-1.125951707363128662e-01
-1.335060596466064453e-01
-1.175468862056732178e-01
-1.022288799285888672e-01
-1.621384173631668091e-01
-1.175525337457656860e-01
-1.229846552014350891e-01
-8.669827133417129517e-02
-8.605040609836578369e-02
-1.011659726500511169e-01
-7.340537011623382568e-02
-7.672126591205596924e-02
-6.038222834467887878e-02
-1.229902207851409912e-01
-1.104629263281822205e-01
-5.626727268099784851e-02
-3.979578614234924316e-02
-9.532242268323898315e-02
-3.122784011065959930e-02
-1.032669320702552795e-01
-3.206354007124900818e-02
-1.023065522313117981e-01
-8.750324696302413940e-02
-1.113043203949928284e-01
-5.281322821974754333e-02
-6.633904576301574707e-02
-2.081512846052646637e-02
6.901602027937769890e-04
-1.285433769226074219e-01
-5.887234210968017578e-02
-1.163816601037979126e-01
-7.240290194749832153e-02
-9.747934341430664062e-02
-1.307094842195510864e-01
-8.544403314590454102e-02
-6.316380947828292847e-02
-6.552813202142715454e-02
-3.548089414834976196e-02
1.930135674774646759e-02
-1.288992762565612793e-01
-1.226749643683433533e-01
-1.124832406640052795e-01
-1.335623860359191895e-01
-1.178943738341331482e-01
-8.180234581232070923e-02
-1.443773228675127029e-02
-6.150196772068738937e-03
-9.538538753986358643e-02
-5.510067939758300781e-02
-8.645394444465637207e-02
-5.247921124100685120e-02
-8.574467152357101440e-02
-2.155054733157157898e-02
-1.049573346972465515e-02
-1.584726125001907349e-01
-1.525828838348388672e-01
-1.678714752197265625e-01
-1.516501307487487793e-01
-1.214871853590011597e-01
-8.360317349433898926e-02
-3.532440960407257080e-02
1.177084445953369141e-02
-9.726373106241226196e-02
-8.070351183414459229e-02
-5.889949202537536621e-02
-4.923930391669273376e-02
-9.848597645759582520e-02
-8.855205029249191284e-02
-8.609732240438461304e-02
-6.519912183284759521e-02
-9.105637669563293457e-02
-5.222705751657485962e-02
-9.016798436641693115e-02
-4.033071920275688171e-02
-9.616801887750625610e-02
-7.695041596889495850e-02
-8.809853345155715942e-02
-4.277548938989639282e-02
-1.027358919382095337e-01
-5.518989637494087219e-02
-7.498447597026824951e-02
-5.846878513693809509e-02
-3.166941553354263306e-02
-5.426451563835144043e-02
-4.791318904608488083e-03
-8.880189806222915649e-02
-9.640187025070190430e-02
-1.010766476392745972e-01
-3.486463427543640137e-02
-1.125458329916000366e-01
-1.003062352538108826e-01
-6.484115123748779297e-02
-4.655311629176139832e-02
-7.434886693954467773e-02
-6.923513859510421753e-02
-9.267824143171310425e-02
-7.179603725671768188e-02
-1.050216853618621826e-01
-7.997317612171173096e-02
-9.315583854913711548e-02
-5.158935487270355225e-02
