-2.817824482917785645e-01
-3.029890954494476318e-01
-2.819442152976989746e-01
-2.553830444812774658e-01
-2.608316540718078613e-01
-2.447831332683563232e-01
-2.664049267768859863e-01
-3.041323721408843994e-01
-3.172458410263061523e-01
-3.241926431655883789e-01
-2.794475555419921875e-01
-3.356292545795440674e-01
-3.165639936923980713e-01
-3.469126522541046143e-01
-2.723996043205261230e-01
-3.256633877754211426e-01
-3.212280273437500000e-01
-3.636972606182098389e-01
-3.257781267166137695e-01
-2.691109478473663330e-01
-2.559429109096527100e-01
-2.532463073730468750e-01
-2.575037479400634766e-01
-2.651903629302978516e-01
-2.887730896472930908e-01
-2.795233428478240967e-01
-2.856854796409606934e-01
-3.379154801368713379e-01
-2.769793272018432617e-01
-3.707661032676696777e-01
-3.333317637443542480e-01
-3.914236724376678467e-01
-3.065946698188781738e-01
-2.845770418643951416e-01
-3.262983262538909912e-01
-3.420062065124511719e-01
-9.575710445642471313e-02
-7.658132165670394897e-02
-7.042529433965682983e-02
-2.458547614514827728e-02
-1.599418371915817261e-01
-1.475186049938201904e-01
-9.464313834905624390e-02
-9.317312389612197876e-02
-1.480024904012680054e-01
-1.023530960083007812e-01
-1.544815301895141602e-01
-1.582131683826446533e-01
-1.614656448364257812e-01
-1.124312579631805420e-01
-1.347137093544006348e-01
-1.247992888092994690e-01
-1.479513347148895264e-01
-1.442834138870239258e-01
-1.374841481447219849e-01
-1.290273219347000122e-01
-1.120831221342086792e-01
-9.337481111288070679e-02
-1.108019277453422546e-01
-6.187452003359794617e-02
-2.299616858363151550e-02
-5.048338696360588074e-02
-1.241083145141601562e-01
-6.684818863868713379e-02
-1.223051697015762329e-01
-1.296440064907073975e-01
-8.529615402221679688e-02
-1.239699572324752808e-01
-1.199864670634269714e-01
-8.815409243106842041e-02
-1.196397244930267334e-01
-8.831366151571273804e-02
-1.172372177243232727e-01
-1.080858185887336731e-01
-9.322994947433471680e-02
-1.232712939381599426e-01
-1.187476590275764465e-01
-9.523505717515945435e-02
-4.851225391030311584e-02
-1.006551980972290039e-01
-6.017429754137992859e-02
-1.192704364657402039e-01
-1.249646991491317749e-01
-9.669706225395202637e-02
-1.674293875694274902e-01
-6.900407373905181885e-02
-1.179732829332351685e-01
-7.689142972230911255e-02
-1.005129963159561157e-01
-8.111183345317840576e-02
-9.090483188629150391e-02
-7.927190512418746948e-02
-5.799236521124839783e-02
-7.429759204387664795e-02
-4.367107525467872620e-02
-1.585934311151504517e-01
-9.754315018653869629e-02
-1.146713718771934509e-01
-1.044342145323753357e-01
-9.649710357189178467e-02
-1.336419731378555298e-01
-1.086045578122138977e-01
-1.359149664640426636e-01
-5.540370941162109375e-02
-7.326177507638931274e-02
-6.463015079498291016e-02
-5.989641696214675903e-02
-9.138153493404388428e-02
-6.043801829218864441e-02
-8.792296797037124634e-02
-6.773491203784942627e-02
-5.931587889790534973e-02
-2.984148077666759491e-02
-1.205114200711250305e-01
-4.936823248863220215e-02
-9.195403754711151123e-02
-3.720477223396301270e-02
-1.250614374876022339e-01
-6.802125275135040283e-02
-9.458443522453308105e-02
-4.696344956755638123e-02
-6.074229627847671509e-02
-4.829309135675430298e-02
1.643256470561027527e-02
-7.844924926757812500e-02
-3.254344686865806580e-02
-9.864926338195800781e-02
-6.163956597447395325e-02
-1.013628616929054260e-01
-9.958607703447341919e-02
-8.223164081573486328e-02
-5.988082289695739746e-02
-5.007125064730644226e-02
-2.217880822718143463e-02
2.995233982801437378e-02
-1.231933981180191040e-01
-1.176795214414596558e-01
-1.005629897117614746e-01
-1.000632867217063904e-01
-1.039592996239662170e-01
-6.811398267745971680e-02
-1.379560679197311401e-02
-4.339126870036125183e-03
-9.177926182746887207e-02
-5.401376634836196899e-02
-5.483613163232803345e-02
-3.901875764131546021e-02
-8.153863251209259033e-02
-1.116803009063005447e-02
-1.719149760901927948e-02
-1.484821736812591553e-01
-1.495574116706848145e-01
-1.574576497077941895e-01
-1.242419704794883728e-01
-1.224556192755699158e-01
-6.038825958967208862e-02
-2.873650379478931427e-02
2.079886011779308319e-02
-5.998463556170463562e-02
-8.840319514274597168e-02
-5.599172785878181458e-02
-4.335556551814079285e-02
-6.594098359346389771e-02
-8.793938905000686646e-02
-6.815257668495178223e-02
-7.280783355236053467e-02
-9.150479733943939209e-02
-5.379239842295646667e-02
-7.771289348602294922e-02
-4.208941757678985596e-02
-9.587261825799942017e-02
-4.473317041993141174e-02
-6.062884628772735596e-02
-2.623761817812919617e-02
-1.020415425300598145e-01
-5.213943868875503540e-02
-5.990264192223548889e-02
-4.974568262696266174e-02
-3.499853983521461487e-02
-3.651924431324005127e-02
-1.175173744559288025e-02
-8.293928951025009155e-02
-5.479666218161582947e-02
-5.512473732233047485e-02
-2.430027723312377930e-02
-9.155493229627609253e-02
-6.570806354284286499e-02
-3.881783410906791687e-02
-4.625884443521499634e-02
-7.783382385969161987e-02
-6.563473492860794067e-02
-7.117781043052673340e-02
-7.410649210214614868e-02
-7.793945819139480591e-02
-6.398632377386093140e-02
-7.664043456315994263e-02
-4.561822116374969482e-02
