-2.896281778812408447e-01
-2.947734892368316650e-01
-2.898589074611663818e-01
-1.979941725730895996e-01
-2.333525419235229492e-01
-2.392233461141586304e-01
-2.500436305999755859e-01
-3.437331616878509521e-01
-2.610690593719482422e-01
-2.263543903827667236e-01
-2.478152215480804443e-01
-3.129835724830627441e-01
-2.252929359674453735e-01
-3.456794619560241699e-01
-2.120093405246734619e-01
-2.593071460723876953e-01
-3.496740758419036865e-01
-2.782282531261444092e-01
-2.837650477886199951e-01
-2.986108660697937012e-01
-2.314077168703079224e-01
-2.179052829742431641e-01
-1.822537779808044434e-01
-2.351321429014205933e-01
-2.679980099201202393e-01
-3.055589199066162109e-01
-2.274359762668609619e-01
-2.941890060901641846e-01
-2.207486331462860107e-01
-2.960600554943084717e-01
-2.380107194185256958e-01
-3.214035034179687500e-01
-2.766263782978057861e-01
-2.030819505453109741e-01
-2.457740902900695801e-01
-3.221044838428497314e-01
-9.766598790884017944e-02
-1.034679189324378967e-01
-8.768789470195770264e-02
-7.423928380012512207e-02
-1.582126468420028687e-01
-1.508557200431823730e-01
-1.644683331251144409e-01
-1.271273493766784668e-01
-1.496073603630065918e-01
-1.356831341981887817e-01
-1.441378593444824219e-01
-1.615496128797531128e-01
-1.782034486532211304e-01
-1.236072778701782227e-01
-1.673310101032257080e-01
-1.324635595083236694e-01
-1.731353849172592163e-01
-1.862674653530120850e-01
-1.449114233255386353e-01
-1.563359200954437256e-01
-1.404650956392288208e-01
-1.218731328845024109e-01
-1.114447787404060364e-01
-9.386941790580749512e-02
-6.213569268584251404e-02
-6.357292830944061279e-02
-1.484744250774383545e-01
-9.240896999835968018e-02
-1.428568065166473389e-01
-1.176114603877067566e-01
-1.063598021864891052e-01
-1.080715060234069824e-01
-1.393892467021942139e-01
-8.629648387432098389e-02
-1.098124906420707703e-01
-1.143115088343620300e-01
-1.206849962472915649e-01
-1.146046593785285950e-01
-1.060628145933151245e-01
-1.247975602746009827e-01
-1.393610835075378418e-01
-9.333693981170654297e-02
-6.509303301572799683e-02
-9.483705461025238037e-02
-5.760456994175910950e-02
-1.414793133735656738e-01
-1.171680763363838196e-01
-1.239178851246833801e-01
-1.432697474956512451e-01
-7.316523790359497070e-02
-1.333589404821395874e-01
-1.047511324286460876e-01
-1.201124116778373718e-01
-1.359551846981048584e-01
-1.068573147058486938e-01
-1.137362644076347351e-01
-7.244309037923812866e-02
-7.978016138076782227e-02
-9.261953830718994141e-02
-1.302074790000915527e-01
-1.068609282374382019e-01
-1.286419332027435303e-01
-1.125270575284957886e-01
-1.210177242755889893e-01
-1.482401043176651001e-01
-1.369822025299072266e-01
-1.465852856636047363e-01
-1.139474734663963318e-01
-1.067303121089935303e-01
-1.074387729167938232e-01
-8.219944685697555542e-02
-9.168702363967895508e-02
-8.353839069604873657e-02
-9.614438563585281372e-02
-9.363500773906707764e-02
-6.474374234676361084e-02
-7.455664873123168945e-02
-9.726872295141220093e-02
-5.242963135242462158e-02
-1.154798045754432678e-01
-7.361927628517150879e-02
-1.168305650353431702e-01
-5.656354129314422607e-02
-7.242845743894577026e-02
-6.112208589911460876e-02
-5.519171059131622314e-02
-2.835372835397720337e-02
-3.537501022219657898e-02
-1.014856696128845215e-01
-7.674039900302886963e-02
-9.122422337532043457e-02
-6.600517779588699341e-02
-1.135770455002784729e-01
-9.674263000488281250e-02
-7.745821028947830200e-02
-8.852640539407730103e-02
-5.914696678519248962e-02
-5.835737660527229309e-02
-1.986021175980567932e-02
-1.413070112466812134e-01
-1.250390261411666870e-01
-1.049239486455917358e-01
-1.191568821668624878e-01
-1.254847049713134766e-01
-5.574622005224227905e-02
-3.456684574484825134e-02
-2.427520975470542908e-02
-9.674181789159774780e-02
-8.334618806838989258e-02
-8.190466463565826416e-02
-8.470714837312698364e-02
-4.714154079556465149e-02
-3.912702947854995728e-02
-1.212537940591573715e-02
-1.500848233699798584e-01
-1.384138315916061401e-01
-1.384339779615402222e-01
-1.278454065322875977e-01
-1.068410202860832214e-01
-5.787742137908935547e-02
-4.020023345947265625e-02
-5.369487684220075607e-03
-1.060726642608642578e-01
-9.483165293931961060e-02
-8.857056498527526855e-02
-5.992867425084114075e-02
-9.305416047573089600e-02
-6.886846572160720825e-02
-1.073474735021591187e-01
-8.269105106592178345e-02
-1.112476885318756104e-01
-7.240141183137893677e-02
-8.261106908321380615e-02
-7.055225968360900879e-02
-1.169465929269790649e-01
-9.303078800439834595e-02
-1.103768497705459595e-01
-8.844858407974243164e-02
-1.050802841782569885e-01
-8.577091246843338013e-02
-8.690705895423889160e-02
-8.090998232364654541e-02
-4.830220714211463928e-02
-6.886595487594604492e-02
-2.194133028388023376e-02
-1.101280227303504944e-01
-1.033961251378059387e-01
-9.010240435600280762e-02
-7.459010928869247437e-02
-1.004014015197753906e-01
-8.835543692111968994e-02
-6.345759332180023193e-02
-1.023257076740264893e-01
-9.108633548021316528e-02
-8.356025815010070801e-02
-9.007978439331054688e-02
-1.012126654386520386e-01
-1.054767444729804993e-01
-9.436728805303573608e-02
-1.018539071083068848e-01
-8.317871391773223877e-02
