-2.459677457809448242e-01
-2.601135671138763428e-01
-2.611989080905914307e-01
-1.895126104354858398e-01
-2.139093875885009766e-01
-2.026240974664688110e-01
-2.584356069564819336e-01
-3.377232253551483154e-01
-2.355685532093048096e-01
-2.077092826366424561e-01
-2.169039100408554077e-01
-3.275233805179595947e-01
-2.439736872911453247e-01
-3.326939642429351807e-01
-1.709858924150466919e-01
-2.060255408287048340e-01
-3.425688743591308594e-01
-2.747461199760437012e-01
-2.435033321380615234e-01
-2.863283157348632812e-01
-2.187294960021972656e-01
-2.004565447568893433e-01
-1.586473733186721802e-01
-2.308687567710876465e-01
-2.598629295825958252e-01
-2.533624768257141113e-01
-2.265755236148834229e-01
-2.814547717571258545e-01
-2.110375165939331055e-01
-2.873688042163848877e-01
-2.367632836103439331e-01
-3.298458158969879150e-01
-2.570765912532806396e-01
-1.958185136318206787e-01
-2.383608520030975342e-01
-2.836030423641204834e-01
-9.841548651456832886e-02
-7.744116336107254028e-02
-7.602424919605255127e-02
-6.241248548030853271e-02
-1.305430829524993896e-01
-1.521065235137939453e-01
-1.207314729690551758e-01
-1.173607259988784790e-01
-1.378539055585861206e-01
-1.038831025362014771e-01
-1.289603710174560547e-01
-1.520731449127197266e-01
-1.683216392993927002e-01
-1.183300316333770752e-01
-1.570509225130081177e-01
-9.649997204542160034e-02
-1.398477852344512939e-01
-1.409124284982681274e-01
-1.321016252040863037e-01
-1.454848647117614746e-01
-1.490798741579055786e-01
-9.639949351549148560e-02
-7.901440560817718506e-02
-8.421444892883300781e-02
-4.437566176056861877e-02
-3.809838742017745972e-02
-1.188725158572196960e-01
-1.020151004195213318e-01
-1.137309223413467407e-01
-1.313090026378631592e-01
-7.902388274669647217e-02
-1.133751347661018372e-01
-1.093959435820579529e-01
-1.104328706860542297e-01
-1.061725541949272156e-01
-1.001897528767585754e-01
-1.119379103183746338e-01
-1.227490976452827454e-01
-1.082291230559349060e-01
-1.385380178689956665e-01
-1.028091162443161011e-01
-7.714612036943435669e-02
-7.301660627126693726e-02
-9.157555550336837769e-02
-5.358976498246192932e-02
-1.079095900058746338e-01
-9.931075572967529297e-02
-9.930242598056793213e-02
-1.230199113488197327e-01
-5.826515331864356995e-02
-1.261714845895767212e-01
-9.315048903226852417e-02
-1.278641223907470703e-01
-1.239102110266685486e-01
-9.751805663108825684e-02
-1.130074262619018555e-01
-8.240018039941787720e-02
-8.787473291158676147e-02
-6.532023102045059204e-02
-1.277592927217483521e-01
-8.492293208837509155e-02
-1.215198934078216553e-01
-1.180125921964645386e-01
-9.039464592933654785e-02
-1.229095980525016785e-01
-1.069514080882072449e-01
-1.258576065301895142e-01
-1.105773597955703735e-01
-8.810189366340637207e-02
-1.034542024135589600e-01
-6.663420051336288452e-02
-8.148743212223052979e-02
-8.033437281847000122e-02
-9.400446712970733643e-02
-7.233627140522003174e-02
-4.842820763587951660e-02
-6.287840008735656738e-02
-9.407646954059600830e-02
-7.399394363164901733e-02
-8.353234827518463135e-02
-6.077868863940238953e-02
-1.325593441724777222e-01
-5.762111395597457886e-02
-9.774383157491683960e-02
-3.851315006613731384e-02
-4.543019831180572510e-02
-2.890086360275745392e-02
-5.580490920692682266e-03
-9.784830361604690552e-02
-4.737365618348121643e-02
-1.152012944221496582e-01
-4.817896708846092224e-02
-9.773486107587814331e-02
-1.038539782166481018e-01
-6.926313042640686035e-02
-5.360621958971023560e-02
-4.750446975231170654e-02
-3.183585405349731445e-02
7.440106943249702454e-03
-1.315377503633499146e-01
-1.104116290807723999e-01
-1.213871985673904419e-01
-1.053926050662994385e-01
-9.845236688852310181e-02
-5.393696948885917664e-02
-3.326830640435218811e-02
-4.578707274049520493e-03
-9.864248335361480713e-02
-6.843437999486923218e-02
-8.282998949289321899e-02
-4.532048478722572327e-02
-7.762403041124343872e-02
-1.711280085146427155e-02
-2.577973995357751846e-03
-1.653975099325180054e-01
-1.510493755340576172e-01
-1.332458257675170898e-01
-1.287432014942169189e-01
-8.644682914018630981e-02
-4.166438803076744080e-02
-2.508176118135452271e-02
1.289491262286901474e-02
-8.895144611597061157e-02
-8.092802762985229492e-02
-6.930605322122573853e-02
-3.789519146084785461e-02
-7.893546670675277710e-02
-9.003507345914840698e-02
-9.236555546522140503e-02
-8.447834104299545288e-02
-1.075926572084426880e-01
-7.411137223243713379e-02
-8.024062961339950562e-02
-4.456669464707374573e-02
-1.007084697484970093e-01
-7.149831205606460571e-02
-8.698716759681701660e-02
-5.310565233230590820e-02
-9.610939770936965942e-02
-8.288370072841644287e-02
-7.575047016143798828e-02
-6.679170578718185425e-02
-3.526747599244117737e-02
-4.962862282991409302e-02
-1.290387474000453949e-02
-1.057894006371498108e-01
-9.115504473447799683e-02
-9.161273390054702759e-02
-5.249198526144027710e-02
-6.825843453407287598e-02
-8.350473642349243164e-02
-7.395602762699127197e-02
-5.820105597376823425e-02
-8.890832960605621338e-02
-7.857810705900192261e-02
-1.093410998582839966e-01
-6.149806454777717590e-02
-8.306196331977844238e-02
-8.276437222957611084e-02
-9.655597805976867676e-02
-5.397783964872360229e-02
