-2.935531735420227051e-01
-3.118767440319061279e-01
-3.403533697128295898e-01
-2.381723225116729736e-01
-2.760406434535980225e-01
-2.707018852233886719e-01
-3.231370449066162109e-01
-3.447400331497192383e-01
-3.030446469783782959e-01
-2.966575920581817627e-01
-2.958393692970275879e-01
-4.043732583522796631e-01
-3.141066133975982666e-01
-3.701211512088775635e-01
-2.555411756038665771e-01
-3.312215209007263184e-01
-3.973991572856903076e-01
-3.357271850109100342e-01
-3.044418394565582275e-01
-3.270148336887359619e-01
-2.805393934249877930e-01
-2.655484378337860107e-01
-2.175382673740386963e-01
-2.746176719665527344e-01
-2.977259457111358643e-01
-3.251441717147827148e-01
-2.891924679279327393e-01
-3.539799451828002930e-01
-2.785589396953582764e-01
-3.823705911636352539e-01
-3.197157382965087891e-01
-3.601382076740264893e-01
-3.398497700691223145e-01
-2.961283028125762939e-01
-3.237572014331817627e-01
-3.600861728191375732e-01
-9.452396631240844727e-02
-8.474995195865631104e-02
-7.115434855222702026e-02
-3.139365836977958679e-02
-1.672566682100296021e-01
-1.336923241615295410e-01
-1.404212862253189087e-01
-1.450158208608627319e-01
-1.640107780694961548e-01
-1.111859530210494995e-01
-1.742810904979705811e-01
-1.847407519817352295e-01
-1.761578768491744995e-01
-1.366630941629409790e-01
-1.652644425630569458e-01
-1.231192499399185181e-01
-1.470691114664077759e-01
-1.657595634460449219e-01
-1.735201925039291382e-01
-1.831219345331192017e-01
-1.540311127901077271e-01
-1.089843809604644775e-01
-1.001424044370651245e-01
-1.074971035122871399e-01
-3.695205971598625183e-02
-3.202573210000991821e-02
-1.203323081135749817e-01
-9.254640340805053711e-02
-1.394340991973876953e-01
-1.311477869749069214e-01
-8.885422348976135254e-02
-1.344897150993347168e-01
-1.359838247299194336e-01
-1.155631244182586670e-01
-1.236927807331085205e-01
-9.001319855451583862e-02
-1.503206938505172729e-01
-1.241546347737312317e-01
-1.230774745345115662e-01
-1.367408931255340576e-01
-1.246153712272644043e-01
-1.308746784925460815e-01
-7.101556658744812012e-02
-1.013521254062652588e-01
-5.510243773460388184e-02
-1.416395604610443115e-01
-1.369505971670150757e-01
-1.024162396788597107e-01
-1.555184721946716309e-01
-5.401377379894256592e-02
-1.566721796989440918e-01
-1.044350787997245789e-01
-1.419177949428558350e-01
-1.251455396413803101e-01
-9.067471325397491455e-02
-1.008604094386100769e-01
-6.436856091022491455e-02
-9.234432876110076904e-02
-4.199423268437385559e-02
-1.630285531282424927e-01
-1.230043619871139526e-01
-1.308326721191406250e-01
-1.188504025340080261e-01
-9.379132837057113647e-02
-1.331925392150878906e-01
-1.324029117822647095e-01
-1.416250765323638916e-01
-1.013563424348831177e-01
-7.583728432655334473e-02
-1.056037992238998413e-01
-6.872688233852386475e-02
-9.361767768859863281e-02
-6.852576881647109985e-02
-1.079257577657699585e-01
-9.804025292396545410e-02
-7.239338010549545288e-02
-3.015296906232833862e-02
-9.368927776813507080e-02
-7.238245755434036255e-02
-8.983354270458221436e-02
-4.268490895628929138e-02
-1.147563755512237549e-01
-7.776875793933868408e-02
-1.003329530358314514e-01
-3.917750716209411621e-02
-5.013063922524452209e-02
-1.569822058081626892e-02
1.370687689632177353e-02
-1.073369979858398438e-01
-7.514937222003936768e-02
-1.087951287627220154e-01
-5.883724987506866455e-02
-1.189910992980003357e-01
-1.083137392997741699e-01
-8.994191884994506836e-02
-5.897243693470954895e-02
-5.369860306382179260e-02
-5.451386794447898865e-02
8.691960945725440979e-03
-1.308654248714447021e-01
-1.276492029428482056e-01
-1.160139814019203186e-01
-1.320683658123016357e-01
-9.934135526418685913e-02
-6.216762587428092957e-02
-3.516849875450134277e-02
-9.198323823511600494e-03
-9.833887964487075806e-02
-7.333051413297653198e-02
-8.053898811340332031e-02
-4.813447967171669006e-02
-6.627619266510009766e-02
-1.801142469048500061e-02
1.184453256428241730e-03
-1.955295056104660034e-01
-1.713432967662811279e-01
-1.632026284933090210e-01
-1.571151614189147949e-01
-1.106330975890159607e-01
-6.661135703325271606e-02
-2.658928930759429932e-02
1.883831620216369629e-02
-1.049177199602127075e-01
-8.313155174255371094e-02
-5.988106504082679749e-02
-3.528762608766555786e-02
-9.355843067169189453e-02
-8.149747550487518311e-02
-1.047471687197685242e-01
-6.220474094152450562e-02
-1.067494153976440430e-01
-5.881379544734954834e-02
-8.486722409725189209e-02
-4.219496995210647583e-02
-9.403283149003982544e-02
-8.972479403018951416e-02
-7.636337727308273315e-02
-4.473104327917098999e-02
-9.641540795564651489e-02
-8.502276986837387085e-02
-9.117669612169265747e-02
-6.111298874020576477e-02
-4.049880430102348328e-02
-4.394514486193656921e-02
7.092628628015518188e-03
-9.421661496162414551e-02
-8.948469907045364380e-02
-9.143685549497604370e-02
-3.071634098887443542e-02
-1.125946938991546631e-01
-8.518268913030624390e-02
-7.529366016387939453e-02
-3.841767087578773499e-02
-1.027338281273841858e-01
-1.076592504978179932e-01
-9.042242914438247681e-02
-7.282005995512008667e-02
-9.861171990633010864e-02
-7.882120460271835327e-02
-7.104231417179107666e-02
-5.108340829610824585e-02
