-3.016456365585327148e-01
-2.591071426868438721e-01
-2.853601574897766113e-01
-2.258254885673522949e-01
-2.342500984668731689e-01
-2.460323572158813477e-01
-2.866815626621246338e-01
-3.489820659160614014e-01
-2.930816411972045898e-01
-2.675996720790863037e-01
-2.617687582969665527e-01
-3.489612638950347900e-01
-2.721654474735260010e-01
-3.265307843685150146e-01
-2.519791722297668457e-01
-2.870651781558990479e-01
-3.286886811256408691e-01
-2.902926802635192871e-01
-2.590458095073699951e-01
-3.075490891933441162e-01
-2.623901069164276123e-01
-2.317395061254501343e-01
-2.060736417770385742e-01
-2.728298902511596680e-01
-2.613950371742248535e-01
-3.067660331726074219e-01
-2.444788068532943726e-01
-3.144946098327636719e-01
-2.362186014652252197e-01
-3.130594789981842041e-01
-2.744969725608825684e-01
-3.245455026626586914e-01
-2.921680510044097900e-01
-2.430858910083770752e-01
-2.633730173110961914e-01
-3.486914336681365967e-01
-8.451652526855468750e-02
-9.197746217250823975e-02
-6.389805674552917480e-02
-7.357427477836608887e-02
-1.645021587610244751e-01
-1.504738479852676392e-01
-1.363834887742996216e-01
-1.416477560997009277e-01
-1.398724913597106934e-01
-1.217560321092605591e-01
-1.413049101829528809e-01
-1.789421886205673218e-01
-1.661081016063690186e-01
-1.174085661768913269e-01
-1.568510532379150391e-01
-1.310668438673019409e-01
-1.575917750597000122e-01
-1.665537655353546143e-01
-1.592625528573989868e-01
-1.536976546049118042e-01
-1.270551532506942749e-01
-1.106486618518829346e-01
-9.226216375827789307e-02
-8.900788426399230957e-02
-7.423640042543411255e-02
-4.865214973688125610e-02
-1.238231882452964783e-01
-1.059989929199218750e-01
-1.096158400177955627e-01
-1.210391744971275330e-01
-1.309233009815216064e-01
-1.236575096845626831e-01
-1.394880563020706177e-01
-1.083601489663124084e-01
-1.207842752337455750e-01
-1.057792603969573975e-01
-1.229645982384681702e-01
-1.204728409647941589e-01
-1.014704257249832153e-01
-1.338405162096023560e-01
-1.498071998357772827e-01
-1.144656315445899963e-01
-7.381665706634521484e-02
-1.057762503623962402e-01
-8.177835494279861450e-02
-1.180496215820312500e-01
-1.226279214024543762e-01
-1.255287081003189087e-01
-1.501824110746383667e-01
-7.869821786880493164e-02
-1.209374591708183289e-01
-1.200884878635406494e-01
-1.424716413021087646e-01
-1.277932822704315186e-01
-1.069040149450302124e-01
-8.899542689323425293e-02
-5.641432479023933411e-02
-8.687467873096466064e-02
-7.836102694272994995e-02
-1.163312420248985291e-01
-1.298671513795852661e-01
-1.454294025897979736e-01
-1.285292059183120728e-01
-1.220052465796470642e-01
-1.381839215755462646e-01
-1.368445158004760742e-01
-1.250440627336502075e-01
-1.021648570895195007e-01
-1.186462417244911194e-01
-1.016094610095024109e-01
-9.493359923362731934e-02
-8.630878478288650513e-02
-8.230600506067276001e-02
-8.359182626008987427e-02
-1.039098873734474182e-01
-6.533975154161453247e-02
-8.415001630783081055e-02
-8.737338334321975708e-02
-6.136286258697509766e-02
-1.015897095203399658e-01
-8.139324933290481567e-02
-8.656920492649078369e-02
-7.563277333974838257e-02
-8.996170014142990112e-02
-5.764269828796386719e-02
-7.907930761575698853e-02
-4.157692939043045044e-02
-7.015853654593229294e-03
-1.060761958360671997e-01
-6.795798987150192261e-02
-9.936707466840744019e-02
-9.473032504320144653e-02
-9.888119250535964966e-02
-1.112144589424133301e-01
-7.625799626111984253e-02
-9.944941103458404541e-02
-4.652395471930503845e-02
-4.154120013117790222e-02
-8.318954147398471832e-03
-1.289441585540771484e-01
-1.157274246215820312e-01
-9.362052381038665771e-02
-1.170635893940925598e-01
-1.355570852756500244e-01
-7.055842131376266479e-02
-2.978902682662010193e-02
-2.017829380929470062e-02
-7.849819958209991455e-02
-8.142182976007461548e-02
-9.171809256076812744e-02
-7.059004157781600952e-02
-8.869159221649169922e-02
-8.271787315607070923e-03
-2.060525119304656982e-02
-1.500863730907440186e-01
-1.426867693662643433e-01
-1.380524784326553345e-01
-1.449892371892929077e-01
-1.217538341879844666e-01
-3.479136899113655090e-02
-2.533832564949989319e-02
5.873981863260269165e-03
-9.974134713411331177e-02
-9.694471955299377441e-02
-4.381948336958885193e-02
-6.505253165960311890e-02
-8.041152358055114746e-02
-9.446595609188079834e-02
-9.811594337224960327e-02
-9.032395482063293457e-02
-1.105962693691253662e-01
-7.694544643163681030e-02
-7.210519164800643921e-02
-5.904021486639976501e-02
-9.387576580047607422e-02
-9.532485902309417725e-02
-8.642502129077911377e-02
-7.642433047294616699e-02
-1.055162176489830017e-01
-9.936849772930145264e-02
-8.882515132427215576e-02
-7.441900670528411865e-02
-5.401199683547019958e-02
-5.564381554722785950e-02
-3.335262835025787354e-02
-8.043977618217468262e-02
-8.284614235162734985e-02
-7.583325356245040894e-02
-6.244695559144020081e-02
-1.186903938651084900e-01
-1.100234761834144592e-01
-5.815512314438819885e-02
-8.041299879550933838e-02
-8.402048796415328979e-02
-5.990418419241905212e-02
-1.222730875015258789e-01
-1.175007522106170654e-01
-9.272930771112442017e-02
-8.778870850801467896e-02
-1.003065779805183411e-01
-7.097553461790084839e-02
