-2.921353876590728760e-01
-2.493738979101181030e-01
-2.808415889739990234e-01
-2.198738455772399902e-01
-2.234921604394912720e-01
-2.592156231403350830e-01
-2.807539701461791992e-01
-3.606921732425689697e-01
-2.741519212722778320e-01
-2.256477177143096924e-01
-2.526834607124328613e-01
-3.364299237728118896e-01
-2.615444362163543701e-01
-3.181159794330596924e-01
-1.988203972578048706e-01
-2.568334043025970459e-01
-3.593046963214874268e-01
-2.714776694774627686e-01
-2.605078220367431641e-01
-2.982804775238037109e-01
-2.333669364452362061e-01
-2.103359550237655640e-01
-2.055393308401107788e-01
-2.443313151597976685e-01
-2.728135287761688232e-01
-3.144279718399047852e-01
-2.258954644203186035e-01
-2.994816601276397705e-01
-2.251219451427459717e-01
-3.075338900089263916e-01
-2.602294385433197021e-01
-3.413308858871459961e-01
-3.001000583171844482e-01
-2.591554820537567139e-01
-2.693582475185394287e-01
-3.024974167346954346e-01
-1.077791601419448853e-01
-9.813023358583450317e-02
-8.698969334363937378e-02
-9.590309113264083862e-02
-1.594277322292327881e-01
-1.486679315567016602e-01
-1.406159400939941406e-01
-1.493437588214874268e-01
-1.273939609527587891e-01
-1.386211365461349487e-01
-1.446903944015502930e-01
-1.661624908447265625e-01
-1.627153307199478149e-01
-1.395703703165054321e-01
-1.514061391353607178e-01
-1.225003525614738464e-01
-1.598100811243057251e-01
-1.868805885314941406e-01
-1.367346048355102539e-01
-1.769542098045349121e-01
-1.362861543893814087e-01
-1.262569129467010498e-01
-9.436143934726715088e-02
-9.838406741619110107e-02
-7.183908671140670776e-02
-6.327176839113235474e-02
-1.432549506425857544e-01
-1.006556004285812378e-01
-1.120574176311492920e-01
-1.133899316191673279e-01
-1.235917806625366211e-01
-1.242455989122390747e-01
-1.270094066858291626e-01
-1.024511754512786865e-01
-1.126887649297714233e-01
-9.254594147205352783e-02
-1.334551274776458740e-01
-1.370251476764678955e-01
-1.018036231398582458e-01
-1.306665092706680298e-01
-1.334433555603027344e-01
-1.076049655675888062e-01
-6.382396817207336426e-02
-9.325343370437622070e-02
-7.535547763109207153e-02
-1.313236504793167114e-01
-1.422631293535232544e-01
-1.146354004740715027e-01
-1.522914320230484009e-01
-7.727095484733581543e-02
-1.447551399469375610e-01
-1.144325807690620422e-01
-1.288909614086151123e-01
-1.375683993101119995e-01
-1.184259653091430664e-01
-9.114346653223037720e-02
-9.679017215967178345e-02
-8.256201446056365967e-02
-1.024336069822311401e-01
-1.360233426094055176e-01
-1.121344640851020813e-01
-1.441430002450942993e-01
-9.502942860126495361e-02
-1.116286292672157288e-01
-1.572974622249603271e-01
-1.493626236915588379e-01
-1.260096728801727295e-01
-1.178909987211227417e-01
-1.136956885457038879e-01
-8.371119946241378784e-02
-8.559861779212951660e-02
-9.048296511173248291e-02
-7.423810660839080811e-02
-8.950372785329818726e-02
-9.891703724861145020e-02
-5.560832098126411438e-02
-8.819467574357986450e-02
-8.427982032299041748e-02
-7.710880041122436523e-02
-9.489464014768600464e-02
-6.828504055738449097e-02
-1.118578389286994934e-01
-7.133248448371887207e-02
-9.808658063411712646e-02
-6.799650192260742188e-02
-8.149771392345428467e-02
-4.130294173955917358e-02
-1.289996691048145294e-02
-1.254082769155502319e-01
-7.632017135620117188e-02
-1.026291549205780029e-01
-8.307715505361557007e-02
-1.050904542207717896e-01
-1.031980067491531372e-01
-8.148084580898284912e-02
-8.553996682167053223e-02
-5.051693320274353027e-02
-4.203587025403976440e-02
-2.437438815832138062e-02
-1.319416314363479614e-01
-1.364225149154663086e-01
-1.091710776090621948e-01
-1.107539683580398560e-01
-1.017723828554153442e-01
-5.944663658738136292e-02
-3.429098799824714661e-02
-2.445743978023529053e-02
-1.011377796530723572e-01
-7.322189956903457642e-02
-1.029550805687904358e-01
-8.057789504528045654e-02
-7.387558370828628540e-02
-2.145115472376346588e-02
-1.488790661096572876e-02
-1.590995937585830688e-01
-1.439303308725357056e-01
-1.491295248270034790e-01
-1.252695918083190918e-01
-1.232727393507957458e-01
-5.036073178052902222e-02
-4.490023478865623474e-02
-3.962276503443717957e-03
-1.074091717600822449e-01
-8.166708797216415405e-02
-6.153280287981033325e-02
-8.539041131734848022e-02
-1.013279482722282410e-01
-1.011767685413360596e-01
-9.345826506614685059e-02
-1.077082231640815735e-01
-1.071259602904319763e-01
-6.433096528053283691e-02
-7.866261899471282959e-02
-6.183974817395210266e-02
-9.872432798147201538e-02
-7.471921294927597046e-02
-9.177722781896591187e-02
-1.029400825500488281e-01
-1.167675480246543884e-01
-8.521308004856109619e-02
-8.097594976425170898e-02
-9.140691161155700684e-02
-5.981262028217315674e-02
-6.060215830802917480e-02
-4.598743841052055359e-02
-9.053464978933334351e-02
-8.697791397571563721e-02
-8.004727214574813843e-02
-9.717845916748046875e-02
-9.721074253320693970e-02
-7.028391957283020020e-02
-8.176282793283462524e-02
-6.367433816194534302e-02
-1.080993413925170898e-01
-1.212854534387588501e-01
-8.779186755418777466e-02
-9.787950664758682251e-02
-1.070129275321960449e-01
-7.653488963842391968e-02
-8.411063253879547119e-02
-8.254641294479370117e-02
