-2.692834734916687012e-01
-3.158607780933380127e-01
-2.789179384708404541e-01
-2.219829261302947998e-01
-2.586460709571838379e-01
-2.564153075218200684e-01
-2.843430042266845703e-01
-3.653840422630310059e-01
-2.827173769474029541e-01
-2.601966857910156250e-01
-2.674883306026458740e-01
-3.473750054836273193e-01
-2.676345705986022949e-01
-3.302160799503326416e-01
-2.160799354314804077e-01
-2.648814320564270020e-01
-3.375334441661834717e-01
-3.088831007480621338e-01
-2.815974056720733643e-01
-3.007726669311523438e-01
-2.565637826919555664e-01
-2.396906614303588867e-01
-1.949536800384521484e-01
-2.603360712528228760e-01
-2.744065225124359131e-01
-3.031452894210815430e-01
-2.239768505096435547e-01
-2.960515022277832031e-01
-2.400216162204742432e-01
-3.156516551971435547e-01
-2.826249599456787109e-01
-3.254873454570770264e-01
-2.930979132652282715e-01
-2.315862476825714111e-01
-2.631163001060485840e-01
-3.087223470211029053e-01
-7.643662393093109131e-02
-9.877891093492507935e-02
-9.261663258075714111e-02
-9.093362092971801758e-02
-1.460237205028533936e-01
-1.597471535205841064e-01
-1.435894370079040527e-01
-1.442296653985977173e-01
-1.591008603572845459e-01
-1.464114040136337280e-01
-1.706115156412124634e-01
-1.564108729362487793e-01
-1.559810787439346313e-01
-1.204434782266616821e-01
-1.525522321462631226e-01
-1.481143832206726074e-01
-1.630434095859527588e-01
-1.665145009756088257e-01
-1.648641824722290039e-01
-1.594980806112289429e-01
-1.383519768714904785e-01
-1.404996514320373535e-01
-9.986197948455810547e-02
-9.908179938793182373e-02
-6.415007263422012329e-02
-6.014693900942802429e-02
-1.112105548381805420e-01
-1.229336559772491455e-01
-1.435545533895492554e-01
-1.287174820899963379e-01
-1.243270188570022583e-01
-1.329058855772018433e-01
-1.193933188915252686e-01
-1.142284795641899109e-01
-1.031263694167137146e-01
-1.092645972967147827e-01
-1.172365173697471619e-01
-1.271621137857437134e-01
-1.157410070300102234e-01
-1.295197457075119019e-01
-1.398617476224899292e-01
-1.112669035792350769e-01
-6.316751241683959961e-02
-1.051066443324089050e-01
-8.537640422582626343e-02
-8.867403864860534668e-02
-1.145003959536552429e-01
-1.184201687574386597e-01
-1.434769481420516968e-01
-9.138306230306625366e-02
-1.424428820610046387e-01
-1.080769076943397522e-01
-1.222570091485977173e-01
-1.255111396312713623e-01
-1.179945245385169983e-01
-9.269153326749801636e-02
-8.443494886159896851e-02
-9.823450446128845215e-02
-8.806383609771728516e-02
-1.452781856060028076e-01
-1.136157214641571045e-01
-1.352804303169250488e-01
-1.184983551502227783e-01
-1.083017289638519287e-01
-1.267333030700683594e-01
-1.426139324903488159e-01
-1.152322441339492798e-01
-1.120902895927429199e-01
-1.016472205519676208e-01
-1.144038215279579163e-01
-8.864108473062515259e-02
-9.242366254329681396e-02
-8.302240073680877686e-02
-1.079225614666938782e-01
-9.325095266103744507e-02
-7.838031649589538574e-02
-9.435202926397323608e-02
-9.782996773719787598e-02
-7.283103466033935547e-02
-1.305626034736633301e-01
-7.432820647954940796e-02
-1.292106956243515015e-01
-8.763078600168228149e-02
-9.267669916152954102e-02
-8.201079070568084717e-02
-4.980882629752159119e-02
-3.117407485842704773e-02
-1.796931773424148560e-02
-1.254770010709762573e-01
-6.978827714920043945e-02
-1.025372445583343506e-01
-1.052739173173904419e-01
-9.726775437593460083e-02
-8.531251549720764160e-02
-1.027251034975051880e-01
-8.637519180774688721e-02
-6.044967100024223328e-02
-2.464805543422698975e-02
-1.208656001836061478e-02
-1.310691535472869873e-01
-1.584084331989288330e-01
-1.175618171691894531e-01
-1.317146718502044678e-01
-1.284735649824142456e-01
-4.634857177734375000e-02
-2.178204059600830078e-02
-2.450056187808513641e-02
-9.298235177993774414e-02
-8.148974925279617310e-02
-9.566182643175125122e-02
-7.648708671331405640e-02
-6.983043998479843140e-02
-1.696662046015262604e-02
-3.028982691466808319e-02
-1.839278489351272583e-01
-1.303875893354415894e-01
-1.615751534700393677e-01
-1.325773596763610840e-01
-1.142650246620178223e-01
-4.954778030514717102e-02
-3.933141380548477173e-02
-1.105932891368865967e-02
-1.085574254393577576e-01
-7.933744788169860840e-02
-9.561285376548767090e-02
-6.913617253303527832e-02
-9.483218938112258911e-02
-9.415790438652038574e-02
-7.859434932470321655e-02
-9.968763589859008789e-02
-1.189031451940536499e-01
-8.012792468070983887e-02
-9.493811428546905518e-02
-7.767789065837860107e-02
-8.080133050680160522e-02
-6.347049027681350708e-02
-9.871289134025573730e-02
-6.558139622211456299e-02
-1.128165051341056824e-01
-7.187423855066299438e-02
-8.211319893598556519e-02
-7.612431794404983521e-02
-6.294721364974975586e-02
-5.600300803780555725e-02
-4.926167801022529602e-02
-6.633795797824859619e-02
-1.093988120555877686e-01
-1.000934466719627380e-01
-8.469456434249877930e-02
-1.003042832016944885e-01
-8.811444789171218872e-02
-7.180228084325790405e-02
-8.228661864995956421e-02
-9.167820215225219727e-02
-8.906093984842300415e-02
-7.189706712961196899e-02
-9.794464707374572754e-02
-1.082137674093246460e-01
-8.935017883777618408e-02
-9.081681072711944580e-02
-8.283597975969314575e-02
