-2.525458931922912598e-01
-2.569981813430786133e-01
-2.864251732826232910e-01
-1.787955164909362793e-01
-2.022357136011123657e-01
-2.261815965175628662e-01
-2.567593753337860107e-01
-3.500601649284362793e-01
-2.665803730487823486e-01
-1.815360188484191895e-01
-2.299361526966094971e-01
-3.022720515727996826e-01
-2.206329554319381714e-01
-2.842170298099517822e-01
-1.926325410604476929e-01
-2.280480861663818359e-01
-3.456078171730041504e-01
-2.348424196243286133e-01
-2.674162983894348145e-01
-2.545781731605529785e-01
-2.088789641857147217e-01
-1.953239142894744873e-01
-1.499950885772705078e-01
-2.093210220336914062e-01
-2.582997977733612061e-01
-2.869173884391784668e-01
-2.264541685581207275e-01
-2.849689722061157227e-01
-2.120188474655151367e-01
-2.506587803363800049e-01
-2.351287156343460083e-01
-3.211746513843536377e-01
-2.781828641891479492e-01
-1.835528761148452759e-01
-2.094061672687530518e-01
-3.215555548667907715e-01
-8.708330243825912476e-02
-8.227970451116561890e-02
-7.074148207902908325e-02
-9.564127027988433838e-02
-1.381318569183349609e-01
-1.500407904386520386e-01
-1.390094161033630371e-01
-1.327337920665740967e-01
-1.538871526718139648e-01
-1.403675824403762817e-01
-1.471556127071380615e-01
-1.864992827177047729e-01
-1.519447863101959229e-01
-1.218390390276908875e-01
-1.619599610567092896e-01
-1.286682486534118652e-01
-1.297581791877746582e-01
-1.587438583374023438e-01
-1.504698693752288818e-01
-1.616896539926528931e-01
-1.451563686132431030e-01
-1.160316839814186096e-01
-9.271880239248275757e-02
-8.685834705829620361e-02
-7.846668362617492676e-02
-6.169971451163291931e-02
-1.168362051248550415e-01
-8.717737346887588501e-02
-1.208774447441101074e-01
-1.301036477088928223e-01
-1.122141703963279724e-01
-1.176742315292358398e-01
-1.270444393157958984e-01
-9.289662539958953857e-02
-1.152840554714202881e-01
-1.117767840623855591e-01
-1.267376840114593506e-01
-1.145188584923744202e-01
-1.225255802273750305e-01
-1.281492412090301514e-01
-1.197137385606765747e-01
-1.042884290218353271e-01
-7.487337291240692139e-02
-1.157152429223060608e-01
-7.379409670829772949e-02
-1.127271205186843872e-01
-1.156522333621978760e-01
-9.878399968147277832e-02
-1.451453864574432373e-01
-8.042798936367034912e-02
-1.000078618526458740e-01
-1.152778342366218567e-01
-1.438275575637817383e-01
-1.261643469333648682e-01
-1.114448681473731995e-01
-1.176799237728118896e-01
-7.642742991447448730e-02
-9.840717166662216187e-02
-8.648859709501266479e-02
-1.351454108953475952e-01
-9.981662780046463013e-02
-1.383776068687438965e-01
-1.255043447017669678e-01
-1.181006953120231628e-01
-1.263679862022399902e-01
-1.200431361794471741e-01
-1.351680904626846313e-01
-1.099190637469291687e-01
-1.113169863820075989e-01
-8.138213306665420532e-02
-7.594134658575057983e-02
-6.395256519317626953e-02
-9.454001486301422119e-02
-8.074140548706054688e-02
-9.108573198318481445e-02
-4.938021674752235413e-02
-8.696468919515609741e-02
-1.089217886328697205e-01
-7.033220678567886353e-02
-8.394441008567810059e-02
-7.481981068849563599e-02
-1.252872347831726074e-01
-6.452879309654235840e-02
-9.056090563535690308e-02
-6.168479472398757935e-02
-6.336838752031326294e-02
-3.171318396925926208e-02
-2.499990165233612061e-02
-9.557592123746871948e-02
-5.860078334808349609e-02
-8.865465968847274780e-02
-7.505136728286743164e-02
-1.020783707499504089e-01
-9.815423935651779175e-02
-8.507443964481353760e-02
-8.674475550651550293e-02
-3.970067948102951050e-02
-2.884205430746078491e-02
-3.578225150704383850e-02
-1.341615766286849976e-01
-9.936927258968353271e-02
-1.135253831744194031e-01
-1.149622574448585510e-01
-1.077799573540687561e-01
-4.364941641688346863e-02
-3.975794091820716858e-02
-2.233756892383098602e-02
-9.214919805526733398e-02
-8.551812171936035156e-02
-8.605618029832839966e-02
-6.564818322658538818e-02
-4.954072460532188416e-02
-1.621296629309654236e-02
-2.115516737103462219e-02
-1.665297746658325195e-01
-1.168637052178382874e-01
-1.400864571332931519e-01
-1.164380013942718506e-01
-1.005757525563240051e-01
-4.744799807667732239e-02
-5.954976379871368408e-02
-3.788072848692536354e-03
-8.968440443277359009e-02
-9.271557629108428955e-02
-7.564412057399749756e-02
-5.773499235510826111e-02
-1.068883612751960754e-01
-8.505452424287796021e-02
-9.587229043245315552e-02
-1.015876233577728271e-01
-1.162552013993263245e-01
-8.015832304954528809e-02
-9.321221709251403809e-02
-6.412427127361297607e-02
-9.180847555398941040e-02
-7.534092664718627930e-02
-8.384224772453308105e-02
-9.705474227666854858e-02
-1.003544479608535767e-01
-9.031702578067779541e-02
-8.773010224103927612e-02
-9.144782274961471558e-02
-5.001964420080184937e-02
-4.213071614503860474e-02
-3.488438576459884644e-02
-1.114568263292312622e-01
-9.781361371278762817e-02
-7.343050092458724976e-02
-8.444861322641372681e-02
-8.128180354833602905e-02
-8.525767922401428223e-02
-8.221335709095001221e-02
-8.010436594486236572e-02
-1.060627102851867676e-01
-1.073373556137084961e-01
-1.004878580570220947e-01
-9.559065103530883789e-02
-1.056870594620704651e-01
-8.955952525138854980e-02
-7.835758477449417114e-02
-8.659119904041290283e-02
