-2.170715779066085815e-01
-2.489387840032577515e-01
-2.734626829624176025e-01
-2.122545242309570312e-01
-2.199189364910125732e-01
-2.342372089624404907e-01
-2.358503192663192749e-01
-3.077413737773895264e-01
-2.564689517021179199e-01
-2.038994133472442627e-01
-2.325931489467620850e-01
-3.028830885887145996e-01
-2.291498929262161255e-01
-2.964548766613006592e-01
-1.996711939573287964e-01
-2.591302990913391113e-01
-3.314665257930755615e-01
-2.630179822444915771e-01
-2.529077231884002686e-01
-2.807749509811401367e-01
-2.435848563909530640e-01
-1.883193701505661011e-01
-1.567156016826629639e-01
-2.373676151037216187e-01
-2.410034686326980591e-01
-2.915465533733367920e-01
-2.799698114395141602e-01
-2.418603748083114624e-01
-2.090948820114135742e-01
-2.927823960781097412e-01
-2.377551347017288208e-01
-3.108085095882415771e-01
-2.739800512790679932e-01
-2.025936841964721680e-01
-2.577497065067291260e-01
-3.060889244079589844e-01
-9.953367710113525391e-02
-1.095730662345886230e-01
-6.731980293989181519e-02
-9.193199872970581055e-02
-1.672456711530685425e-01
-1.392586231231689453e-01
-1.588143557310104370e-01
-1.254415363073348999e-01
-1.265788823366165161e-01
-1.342763006687164307e-01
-1.455522179603576660e-01
-1.415926069021224976e-01
-1.449779123067855835e-01
-1.248032301664352417e-01
-1.456303894519805908e-01
-1.352294683456420898e-01
-1.400137245655059814e-01
-1.677980273962020874e-01
-1.443025618791580200e-01
-1.673682481050491333e-01
-1.479128599166870117e-01
-1.353940218687057495e-01
-1.096742153167724609e-01
-8.764291554689407349e-02
-5.578916892409324646e-02
-7.733771950006484985e-02
-1.414692401885986328e-01
-9.905435889959335327e-02
-1.359684914350509644e-01
-1.126716881990432739e-01
-1.149703711271286011e-01
-1.309436559677124023e-01
-1.431849896907806396e-01
-1.044435277581214905e-01
-1.169890537858009338e-01
-1.078940033912658691e-01
-1.429659724235534668e-01
-1.321878582239151001e-01
-9.108038991689682007e-02
-1.200348436832427979e-01
-1.456223577260971069e-01
-9.408497065305709839e-02
-8.216315507888793945e-02
-1.120700687170028687e-01
-9.125714004039764404e-02
-1.212301179766654968e-01
-1.191051825881004333e-01
-1.098224222660064697e-01
-1.381867676973342896e-01
-8.354261517524719238e-02
-1.307142078876495361e-01
-1.080587208271026611e-01
-1.191119402647018433e-01
-1.301478743553161621e-01
-1.242419183254241943e-01
-9.439358115196228027e-02
-7.525792717933654785e-02
-8.769264817237854004e-02
-9.098955988883972168e-02
-1.366326659917831421e-01
-1.008042320609092712e-01
-1.077099964022636414e-01
-1.250670403242111206e-01
-1.220635026693344116e-01
-1.362102180719375610e-01
-1.250829994678497314e-01
-1.112437471747398376e-01
-1.065884158015251160e-01
-1.127791851758956909e-01
-8.658274263143539429e-02
-7.519359141588211060e-02
-9.129703044891357422e-02
-9.729390591382980347e-02
-1.025272980332374573e-01
-9.114673733711242676e-02
-5.858105048537254333e-02
-8.811728656291961670e-02
-1.010735109448432922e-01
-6.520573049783706665e-02
-1.133745014667510986e-01
-7.088873535394668579e-02
-9.867153316736221313e-02
-8.047010749578475952e-02
-1.092494949698448181e-01
-5.400973558425903320e-02
-6.658250838518142700e-02
-2.566854469478130341e-02
-2.884236723184585571e-02
-8.505757898092269897e-02
-5.912548303604125977e-02
-8.318559080362319946e-02
-7.201831787824630737e-02
-1.073615849018096924e-01
-9.420140832662582397e-02
-9.961101412773132324e-02
-9.250079095363616943e-02
-6.985919922590255737e-02
-3.367757424712181091e-02
-1.452865451574325562e-02
-1.230401769280433655e-01
-1.413844078779220581e-01
-1.179136410355567932e-01
-1.381859779357910156e-01
-1.221069619059562683e-01
-7.018839567899703979e-02
-2.418676577508449554e-02
-2.517680078744888306e-02
-1.074068024754524231e-01
-9.264006465673446655e-02
-1.022602319717407227e-01
-8.252739906311035156e-02
-5.446144565939903259e-02
-1.928590796887874603e-02
-8.541981689631938934e-03
-1.659228801727294922e-01
-1.275246888399124146e-01
-1.376733183860778809e-01
-1.370268315076828003e-01
-1.165467947721481323e-01
-6.107342615723609924e-02
-4.160108789801597595e-02
-2.519017457962036133e-02
-9.665740281343460083e-02
-1.009771302342414856e-01
-6.301309913396835327e-02
-8.851420134305953979e-02
-7.753906399011611938e-02
-9.621093422174453735e-02
-9.171643108129501343e-02
-1.217895597219467163e-01
-1.082210466265678406e-01
-8.301332592964172363e-02
-9.643720090389251709e-02
-6.882358342409133911e-02
-9.354921430349349976e-02
-8.195151388645172119e-02
-8.816797286272048950e-02
-9.077965468168258667e-02
-1.307049691677093506e-01
-9.266206622123718262e-02
-9.730416536331176758e-02
-8.480934053659439087e-02
-5.288811773061752319e-02
-4.792334511876106262e-02
-3.169459104537963867e-02
-8.637368679046630859e-02
-8.498540520668029785e-02
-7.854842394590377808e-02
-1.028929501771926880e-01
-1.113688200712203979e-01
-9.104225039482116699e-02
-9.055628627538681030e-02
-7.471911609172821045e-02
-8.934929221868515015e-02
-1.039344593882560730e-01
-8.370190858840942383e-02
-1.046260744333267212e-01
-1.121430024504661560e-01
-1.157293766736984253e-01
-1.113186553120613098e-01
-8.362757414579391479e-02
