-2.696411609649658203e-01
-3.159186542034149170e-01
-2.785255312919616699e-01
-2.219454795122146606e-01
-2.561518251895904541e-01
-2.597752809524536133e-01
-2.818378508090972900e-01
-3.644298017024993896e-01
-2.825630009174346924e-01
-2.592580020427703857e-01
-2.670870423316955566e-01
-3.488045334815979004e-01
-2.673422396183013916e-01
-3.296522200107574463e-01
-2.124150991439819336e-01
-2.651601731777191162e-01
-3.405263423919677734e-01
-3.096525967121124268e-01
-2.835707664489746094e-01
-3.009725511074066162e-01
-2.567568123340606689e-01
-2.399921864271163940e-01
-1.984800696372985840e-01
-2.602264285087585449e-01
-2.715755105018615723e-01
-3.025285303592681885e-01
-2.258849889039993286e-01
-2.922648787498474121e-01
-2.418645769357681274e-01
-3.173565566539764404e-01
-2.799522578716278076e-01
-3.275595009326934814e-01
-2.943826913833618164e-01
-2.312789857387542725e-01
-2.636691629886627197e-01
-3.079902529716491699e-01
-7.700776308774948120e-02
-9.789154678583145142e-02
-9.040413051843643188e-02
-9.093362092971801758e-02
-1.469214707612991333e-01
-1.631535142660140991e-01
-1.418578326702117920e-01
-1.427294462919235229e-01
-1.577492207288742065e-01
-1.464114040136337280e-01
-1.733299493789672852e-01
-1.527148932218551636e-01
-1.544533222913742065e-01
-1.222428679466247559e-01
-1.492189317941665649e-01
-1.481143832206726074e-01
-1.658087968826293945e-01
-1.644409447908401489e-01
-1.652345210313796997e-01
-1.603697538375854492e-01
-1.377310305833816528e-01
-1.404996514320373535e-01
-9.969875216484069824e-02
-9.986674040555953979e-02
-6.335344165563583374e-02
-6.014693900942802429e-02
-1.101844683289527893e-01
-1.187317967414855957e-01
-1.419011950492858887e-01
-1.259675472974777222e-01
-1.243270188570022583e-01
-1.306755244731903076e-01
-1.178505495190620422e-01
-1.157489120960235596e-01
-1.058048903942108154e-01
-1.092645972967147827e-01
-1.156069710850715637e-01
-1.278406977653503418e-01
-1.148559823632240295e-01
-1.309318691492080688e-01
-1.398617476224899292e-01
-1.132131665945053101e-01
-6.604117155075073242e-02
-1.068029925227165222e-01
-8.537640422582626343e-02
-8.910250663757324219e-02
-1.147477552294731140e-01
-1.170954033732414246e-01
-1.449809223413467407e-01
-9.138306230306625366e-02
-1.420371830463409424e-01
-1.073023676872253418e-01
-1.202341169118881226e-01
-1.251830160617828369e-01
-1.179945245385169983e-01
-9.278620779514312744e-02
-8.135602623224258423e-02
-9.950206428766250610e-02
-8.806383609771728516e-02
-1.414210647344589233e-01
-1.140688061714172363e-01
-1.369453668594360352e-01
-1.175752282142639160e-01
-1.083017289638519287e-01
-1.270612925291061401e-01
-1.420705020427703857e-01
-1.151249855756759644e-01
-1.107737645506858826e-01
-1.016472205519676208e-01
-1.135220453143119812e-01
-8.950229734182357788e-02
-9.415636211633682251e-02
-8.302240073680877686e-02
-1.082666292786598206e-01
-9.194827824831008911e-02
-7.790610939264297485e-02
-9.435202926397323608e-02
-9.573636949062347412e-02
-7.377094030380249023e-02
-1.291894912719726562e-01
-7.432820647954940796e-02
-1.287040114402770996e-01
-8.876820653676986694e-02
-9.453517943620681763e-02
-8.201079070568084717e-02
-4.856162518262863159e-02
-3.068054094910621643e-02
-1.796931773424148560e-02
-1.253652721643447876e-01
-6.837777793407440186e-02
-1.015970781445503235e-01
-1.052739173173904419e-01
-9.910565614700317383e-02
-8.664751052856445312e-02
-1.019305586814880371e-01
-8.637519180774688721e-02
-6.040947139263153076e-02
-2.513630874454975128e-02
-1.208656001836061478e-02
-1.322318315505981445e-01
-1.603747159242630005e-01
-1.195347458124160767e-01
-1.304818093776702881e-01
-1.284735649824142456e-01
-4.903066158294677734e-02
-2.142205089330673218e-02
-2.450056187808513641e-02
-9.501094371080398560e-02
-8.104745298624038696e-02
-9.447392076253890991e-02
-7.648708671331405640e-02
-6.897147744894027710e-02
-1.787440851330757141e-02
-3.028982691466808319e-02
-1.833984106779098511e-01
-1.318305879831314087e-01
-1.598463207483291626e-01
-1.327713131904602051e-01
-1.142650246620178223e-01
-4.920701682567596436e-02
-3.951032087206840515e-02
-1.105932891368865967e-02
-1.080781519412994385e-01
-8.148303627967834473e-02
-9.513434022665023804e-02
-6.913617253303527832e-02
-9.229932725429534912e-02
-9.701708704233169556e-02
-7.791456580162048340e-02
-9.968763589859008789e-02
-1.189587041735649109e-01
-8.018482476472854614e-02
-9.387008845806121826e-02
-7.767789065837860107e-02
-8.197101950645446777e-02
-6.215956434607505798e-02
-1.008814200758934021e-01
-6.558139622211456299e-02
-1.139626502990722656e-01
-7.063762098550796509e-02
-8.289697766304016113e-02
-7.612431794404983521e-02
-6.395473331212997437e-02
-5.454935878515243530e-02
-4.926167801022529602e-02
-6.848946958780288696e-02
-1.078567653894424438e-01
-1.001676619052886963e-01
-8.469456434249877930e-02
-1.012895703315734863e-01
-9.022534638643264771e-02
-7.143645733594894409e-02
-8.228661864995956421e-02
-9.203793108463287354e-02
-8.720101416110992432e-02
-7.534963637590408325e-02
-9.794464707374572754e-02
-1.070638597011566162e-01
-9.008380025625228882e-02
-9.315482527017593384e-02
-8.283597975969314575e-02
