-3.033860623836517334e-01
-2.638831436634063721e-01
-2.837457060813903809e-01
-2.269686758518218994e-01
-2.351204603910446167e-01
-2.463071197271347046e-01
-2.871505320072174072e-01
-3.479476869106292725e-01
-2.900970876216888428e-01
-2.675925791263580322e-01
-2.635630071163177490e-01
-3.479356765747070312e-01
-2.709335684776306152e-01
-3.246943950653076172e-01
-2.512283921241760254e-01
-2.857548296451568604e-01
-3.296365141868591309e-01
-2.889886200428009033e-01
-2.593891322612762451e-01
-3.068705499172210693e-01
-2.618933320045471191e-01
-2.317094653844833374e-01
-2.058824300765991211e-01
-2.725718021392822266e-01
-2.615418136119842529e-01
-3.055476546287536621e-01
-2.464020103216171265e-01
-3.121571838855743408e-01
-2.359667271375656128e-01
-3.128904998302459717e-01
-2.722126245498657227e-01
-3.229511082172393799e-01
-2.905547916889190674e-01
-2.406244426965713501e-01
-2.621408104896545410e-01
-3.478773236274719238e-01
-8.488678187131881714e-02
-9.370124340057373047e-02
-6.240445747971534729e-02
-7.357427477836608887e-02
-1.637619137763977051e-01
-1.511745005846023560e-01
-1.363869458436965942e-01
-1.418588459491729736e-01
-1.412764787673950195e-01
-1.217560321092605591e-01
-1.420974582433700562e-01
-1.798252016305923462e-01
-1.653327941894531250e-01
-1.154126971960067749e-01
-1.568401902914047241e-01
-1.310668438673019409e-01
-1.579688340425491333e-01
-1.663030236959457397e-01
-1.589612811803817749e-01
-1.525445729494094849e-01
-1.282838284969329834e-01
-1.106486618518829346e-01
-9.293847531080245972e-02
-8.959622681140899658e-02
-7.236894965171813965e-02
-4.865214973688125610e-02
-1.254807710647583008e-01
-1.071626618504524231e-01
-1.113991439342498779e-01
-1.182996183633804321e-01
-1.309233009815216064e-01
-1.238788589835166931e-01
-1.404816061258316040e-01
-1.067590489983558655e-01
-1.200649663805961609e-01
-1.057792603969573975e-01
-1.244343891739845276e-01
-1.211380213499069214e-01
-1.023229286074638367e-01
-1.342432498931884766e-01
-1.498071998357772827e-01
-1.173652261495590210e-01
-7.362963259220123291e-02
-1.063665747642517090e-01
-8.177835494279861450e-02
-1.203622594475746155e-01
-1.242125481367111206e-01
-1.257741153240203857e-01
-1.492052376270294189e-01
-7.869821786880493164e-02
-1.199074760079383850e-01
-1.238154545426368713e-01
-1.402913630008697510e-01
-1.277593672275543213e-01
-1.069040149450302124e-01
-8.754478394985198975e-02
-5.537666380405426025e-02
-8.914879709482192993e-02
-7.836102694272994995e-02
-1.163859292864799500e-01
-1.314566731452941895e-01
-1.481247693300247192e-01
-1.279857456684112549e-01
-1.220052465796470642e-01
-1.357768028974533081e-01
-1.337463408708572388e-01
-1.242746785283088684e-01
-1.050030440092086792e-01
-1.186462417244911194e-01
-1.047235727310180664e-01
-9.667509049177169800e-02
-8.846968412399291992e-02
-8.230600506067276001e-02
-8.372395485639572144e-02
-1.073138043284416199e-01
-6.757023185491561890e-02
-8.415001630783081055e-02
-8.613177388906478882e-02
-6.311097741127014160e-02
-1.026114076375961304e-01
-8.139324933290481567e-02
-8.727868646383285522e-02
-7.705029100179672241e-02
-8.969568461179733276e-02
-5.764269828796386719e-02
-8.114898204803466797e-02
-3.972918167710304260e-02
-7.015853654593229294e-03
-1.046600118279457092e-01
-6.776662915945053101e-02
-1.030074283480644226e-01
-9.473032504320144653e-02
-9.870377182960510254e-02
-1.091975495219230652e-01
-7.336481660604476929e-02
-9.944941103458404541e-02
-4.615202918648719788e-02
-4.369831830263137817e-02
-8.318954147398471832e-03
-1.281034350395202637e-01
-1.153944209218025208e-01
-9.390082210302352905e-02
-1.159839630126953125e-01
-1.355570852756500244e-01
-7.073892652988433838e-02
-2.748757041990756989e-02
-2.017829380929470062e-02
-7.678841799497604370e-02
-8.003759384155273438e-02
-9.069189429283142090e-02
-7.059004157781600952e-02
-8.605703711509704590e-02
-7.896266877651214600e-03
-2.060525119304656982e-02
-1.508250385522842407e-01
-1.408136039972305298e-01
-1.351897716522216797e-01
-1.466099917888641357e-01
-1.217538341879844666e-01
-3.593727573752403259e-02
-2.369823679327964783e-02
5.873981863260269165e-03
-9.816458076238632202e-02
-9.578801691532135010e-02
-4.338314384222030640e-02
-6.505253165960311890e-02
-8.219699561595916748e-02
-9.659200161695480347e-02
-9.970149397850036621e-02
-9.032395482063293457e-02
-1.095080524682998657e-01
-7.772791385650634766e-02
-7.262087613344192505e-02
-5.904021486639976501e-02
-9.033514559268951416e-02
-9.335635602474212646e-02
-8.508490771055221558e-02
-7.642433047294616699e-02
-1.028468459844589233e-01
-1.018263399600982666e-01
-9.269760549068450928e-02
-7.441900670528411865e-02
-5.051802098751068115e-02
-5.801886692643165588e-02
-3.335262835025787354e-02
-8.104199171066284180e-02
-8.222308754920959473e-02
-7.659365981817245483e-02
-6.244695559144020081e-02
-1.199954152107238770e-01
-1.079276427626609802e-01
-5.689649656414985657e-02
-8.041299879550933838e-02
-8.305145055055618286e-02
-6.016844883561134338e-02
-1.220117658376693726e-01
-1.175007522106170654e-01
-9.137747436761856079e-02
-8.862261474132537842e-02
-9.937841445207595825e-02
-7.097553461790084839e-02
