-2.730331122875213623e-01
-2.969828248023986816e-01
-3.040186166763305664e-01
-2.323760688304901123e-01
-2.638802230358123779e-01
-2.700857520103454590e-01
-3.092613816261291504e-01
-3.642221391201019287e-01
-3.296352028846740723e-01
-2.835649847984313965e-01
-2.845789492130279541e-01
-3.743385374546051025e-01
-2.852962017059326172e-01
-3.596004545688629150e-01
-2.447083443403244019e-01
-3.170089423656463623e-01
-3.778526484966278076e-01
-3.361018002033233643e-01
-3.024637103080749512e-01
-2.947891652584075928e-01
-2.771198153495788574e-01
-2.604310512542724609e-01
-2.077522426843643188e-01
-2.621002793312072754e-01
-2.935779094696044922e-01
-3.306362926959991455e-01
-2.556596398353576660e-01
-3.139667212963104248e-01
-2.620857357978820801e-01
-3.431307971477508545e-01
-3.082489073276519775e-01
-3.387596607208251953e-01
-3.336755633354187012e-01
-2.803512513637542725e-01
-3.112516105175018311e-01
-3.472808003425598145e-01
-1.069573611021041870e-01
-1.066105440258979797e-01
-7.038187235593795776e-02
-5.325264483690261841e-02
-1.744154691696166992e-01
-1.481844782829284668e-01
-1.365233212709426880e-01
-1.305291205644607544e-01
-1.743998676538467407e-01
-1.292077004909515381e-01
-1.794297397136688232e-01
-1.751889735460281372e-01
-1.677395403385162354e-01
-1.407363563776016235e-01
-1.489921659231185913e-01
-1.347221136093139648e-01
-1.590556949377059937e-01
-1.584855765104293823e-01
-1.655990034341812134e-01
-1.645940095186233521e-01
-1.442409157752990723e-01
-1.078760549426078796e-01
-1.038754731416702271e-01
-1.022204756736755371e-01
-6.345404684543609619e-02
-3.215709701180458069e-02
-1.183328405022621155e-01
-9.950888901948928833e-02
-1.364238560199737549e-01
-1.313243657350540161e-01
-1.045805215835571289e-01
-1.349539011716842651e-01
-1.151977032423019409e-01
-9.742646664381027222e-02
-1.254400759935379028e-01
-9.168861806392669678e-02
-1.282023489475250244e-01
-1.287245452404022217e-01
-1.236608773469924927e-01
-1.408794075250625610e-01
-1.281486153602600098e-01
-1.006643250584602356e-01
-6.521940976381301880e-02
-1.165659725666046143e-01
-7.249423861503601074e-02
-1.137267500162124634e-01
-1.226799786090850830e-01
-1.133553907275199890e-01
-1.415131092071533203e-01
-6.736726313829421997e-02
-1.362057924270629883e-01
-1.009376719594001770e-01
-1.374699920415878296e-01
-1.104237437248229980e-01
-9.828225523233413696e-02
-9.406723082065582275e-02
-7.881579548120498657e-02
-8.017881214618682861e-02
-5.530647933483123779e-02
-1.376378387212753296e-01
-1.150375381112098694e-01
-1.464488953351974487e-01
-1.391612887382507324e-01
-1.010974496603012085e-01
-1.418905407190322876e-01
-1.454110890626907349e-01
-1.303122639656066895e-01
-1.017230898141860962e-01
-8.302641659975051880e-02
-9.061323106288909912e-02
-6.963852792978286743e-02
-9.076856821775436401e-02
-5.727452784776687622e-02
-9.304583817720413208e-02
-6.854336708784103394e-02
-6.099940836429595947e-02
-5.886968970298767090e-02
-1.102677434682846069e-01
-6.663928925991058350e-02
-1.126814484596252441e-01
-5.531010776758193970e-02
-7.647784799337387085e-02
-8.698464930057525635e-02
-1.250759810209274292e-01
-3.611316531896591187e-02
-5.711204186081886292e-02
-4.678672552108764648e-02
1.421085931360721588e-02
-1.223128885030746460e-01
-7.319300621747970581e-02
-1.011532098054885864e-01
-9.163003414869308472e-02
-1.443833708763122559e-01
-1.187696233391761780e-01
-8.126733452081680298e-02
-7.859495282173156738e-02
-5.524790659546852112e-02
-4.213923588395118713e-02
-3.282095072790980339e-03
-1.369900405406951904e-01
-1.511996984481811523e-01
-1.289277970790863037e-01
-1.127141043543815613e-01
-1.151938512921333313e-01
-7.574520260095596313e-02
-2.113393135368824005e-02
-5.607550963759422302e-03
-8.922638744115829468e-02
-9.152676910161972046e-02
-9.624315798282623291e-02
-5.365872010588645935e-02
-7.894825190305709839e-02
-1.731221750378608704e-02
-1.981800980865955353e-02
-1.838029026985168457e-01
-1.652704775333404541e-01
-1.687436550855636597e-01
-1.435747593641281128e-01
-1.165732219815254211e-01
-5.636707320809364319e-02
-3.118016198277473450e-02
1.826205663383007050e-02
-1.211092993617057800e-01
-1.066890731453895569e-01
-7.400065660476684570e-02
-5.393813177943229675e-02
-1.024767085909843445e-01
-1.071047559380531311e-01
-1.021479144692420959e-01
-8.036875724792480469e-02
-9.599044919013977051e-02
-6.786265224218368530e-02
-8.404707908630371094e-02
-4.437582939863204956e-02
-9.397082030773162842e-02
-8.352597802877426147e-02
-8.709026873111724854e-02
-6.377444416284561157e-02
-9.855744987726211548e-02
-7.805463671684265137e-02
-8.421744406223297119e-02
-6.471195816993713379e-02
-5.436434969305992126e-02
-5.896129086613655090e-02
-1.889581233263015747e-02
-9.222243726253509521e-02
-8.767203986644744873e-02
-7.625778019428253174e-02
-5.550616979598999023e-02
-9.408672153949737549e-02
-1.002181470394134521e-01
-8.121300488710403442e-02
-6.335484981536865234e-02
-1.045914888381958008e-01
-1.033485606312751770e-01
-7.452302426099777222e-02
-8.043950051069259644e-02
-9.416559338569641113e-02
-8.706863969564437866e-02
-8.655421435832977295e-02
-6.885918974876403809e-02
