-2.533540725708007812e-01
-2.601701021194458008e-01
-2.850562632083892822e-01
-1.802704632282257080e-01
-2.020238935947418213e-01
-2.257327884435653687e-01
-2.585805058479309082e-01
-3.495219945907592773e-01
-2.676391601562500000e-01
-1.828303188085556030e-01
-2.328520417213439941e-01
-3.050887584686279297e-01
-2.205451875925064087e-01
-2.837959229946136475e-01
-1.915057748556137085e-01
-2.292924672365188599e-01
-3.443023860454559326e-01
-2.345631271600723267e-01
-2.660095989704132080e-01
-2.549298107624053955e-01
-2.102814167737960815e-01
-1.947028934955596924e-01
-1.519937962293624878e-01
-2.089870572090148926e-01
-2.589930295944213867e-01
-2.877812087535858154e-01
-2.251548916101455688e-01
-2.834981083869934082e-01
-2.115381956100463867e-01
-2.499983757734298706e-01
-2.358160614967346191e-01
-3.216280937194824219e-01
-2.780408561229705811e-01
-1.818052083253860474e-01
-2.107259035110473633e-01
-3.203928768634796143e-01
-8.875928074121475220e-02
-8.358044177293777466e-02
-7.479526102542877197e-02
-9.578540176153182983e-02
-1.383861005306243896e-01
-1.496637016534805298e-01
-1.384658664464950562e-01
-1.343842893838882446e-01
-1.527116447687149048e-01
-1.411630213260650635e-01
-1.485289335250854492e-01
-1.834081858396530151e-01
-1.517109125852584839e-01
-1.224423050880432129e-01
-1.606447249650955200e-01
-1.302834302186965942e-01
-1.291968673467636108e-01
-1.601562500000000000e-01
-1.491173803806304932e-01
-1.626340597867965698e-01
-1.428151726722717285e-01
-1.173237934708595276e-01
-9.358242154121398926e-02
-8.767891675233840942e-02
-7.973689585924148560e-02
-6.418245285749435425e-02
-1.161923483014106750e-01
-8.787316083908081055e-02
-1.223312616348266602e-01
-1.291721761226654053e-01
-1.104171350598335266e-01
-1.173775419592857361e-01
-1.284824162721633911e-01
-9.652758389711380005e-02
-1.189374700188636780e-01
-1.105027273297309875e-01
-1.292189657688140869e-01
-1.169885694980621338e-01
-1.238412633538246155e-01
-1.267728805541992188e-01
-1.211900338530540466e-01
-1.035661175847053528e-01
-7.480153441429138184e-02
-1.152014583349227905e-01
-7.402222603559494019e-02
-1.098141968250274658e-01
-1.163430362939834595e-01
-9.984698146581649780e-02
-1.453051120042800903e-01
-8.065246790647506714e-02
-1.000578776001930237e-01
-1.170337423682212830e-01
-1.455710828304290771e-01
-1.242781952023506165e-01
-1.146112009882926941e-01
-1.167083084583282471e-01
-7.676547765731811523e-02
-1.004874110221862793e-01
-8.622319996356964111e-02
-1.365960389375686646e-01
-1.029697731137275696e-01
-1.401755660772323608e-01
-1.272299885749816895e-01
-1.188002228736877441e-01
-1.270497888326644897e-01
-1.205891966819763184e-01
-1.351758688688278198e-01
-1.093600913882255554e-01
-1.100940331816673279e-01
-8.385069668292999268e-02
-7.753195613622665405e-02
-6.511296331882476807e-02
-9.598878771066665649e-02
-8.231925964355468750e-02
-9.273068606853485107e-02
-5.253417044878005981e-02
-8.698844909667968750e-02
-1.098686680197715759e-01
-7.146672904491424561e-02
-8.418454974889755249e-02
-7.619693875312805176e-02
-1.251666545867919922e-01
-6.540425121784210205e-02
-9.042742848396301270e-02
-6.089122965931892395e-02
-6.135815754532814026e-02
-3.448337689042091370e-02
-2.752050198614597321e-02
-9.658405184745788574e-02
-5.789999291300773621e-02
-8.877155929803848267e-02
-7.509486377239227295e-02
-1.008591875433921814e-01
-9.981690347194671631e-02
-8.292175084352493286e-02
-8.649903535842895508e-02
-3.876232355833053589e-02
-2.924942970275878906e-02
-3.617798909544944763e-02
-1.351544857025146484e-01
-1.017919704318046570e-01
-1.120689734816551208e-01
-1.150723174214363098e-01
-1.076735183596611023e-01
-4.717049747705459595e-02
-3.944073244929313660e-02
-2.380160987377166748e-02
-9.196620434522628784e-02
-8.570037782192230225e-02
-8.732589334249496460e-02
-6.645957380533218384e-02
-5.207665264606475830e-02
-1.866387948393821716e-02
-1.968311518430709839e-02
-1.690899878740310669e-01
-1.163262054324150085e-01
-1.405737549066543579e-01
-1.156693398952484131e-01
-1.005239561200141907e-01
-4.808963462710380554e-02
-6.054320186376571655e-02
-4.927495028823614120e-03
-8.961469680070877075e-02
-9.591901302337646484e-02
-7.572887092828750610e-02
-5.753738805651664734e-02
-1.087873131036758423e-01
-8.800501376390457153e-02
-9.784838557243347168e-02
-1.015055403113365173e-01
-1.173173189163208008e-01
-8.030243217945098877e-02
-9.484713524580001831e-02
-6.258768588304519653e-02
-9.222196787595748901e-02
-7.585421949625015259e-02
-8.626139163970947266e-02
-9.754242002964019775e-02
-1.003960520029067993e-01
-9.007733315229415894e-02
-8.781214058399200439e-02
-9.174612909555435181e-02
-5.114840716123580933e-02
-4.365039244294166565e-02
-3.625867143273353577e-02
-1.106586307287216187e-01
-9.891682118177413940e-02
-7.320168614387512207e-02
-8.615016192197799683e-02
-7.911260426044464111e-02
-8.674058318138122559e-02
-8.423448354005813599e-02
-8.052851259708404541e-02
-1.067793592810630798e-01
-1.059943586587905884e-01
-1.026772186160087585e-01
-9.431645274162292480e-02
-1.074898689985275269e-01
-8.728294074535369873e-02
-7.921451330184936523e-02
-8.749935030937194824e-02
