-2.698266804218292236e-01
-2.314820885658264160e-01
-2.804856300354003906e-01
-2.194418311119079590e-01
-2.326211035251617432e-01
-2.421544641256332397e-01
-2.765479087829589844e-01
-3.480144441127777100e-01
-2.459582239389419556e-01
-2.465404421091079712e-01
-2.679218053817749023e-01
-3.600786924362182617e-01
-2.643911838531494141e-01
-3.327736258506774902e-01
-2.292063981294631958e-01
-2.607019245624542236e-01
-3.637174665927886963e-01
-2.872163951396942139e-01
-2.789719700813293457e-01
-3.014620244503021240e-01
-2.414471060037612915e-01
-2.262086123228073120e-01
-1.894768029451370239e-01
-2.360314428806304932e-01
-2.768138647079467773e-01
-2.963356375694274902e-01
-2.698585093021392822e-01
-2.934951186180114746e-01
-2.460642009973526001e-01
-3.385711312294006348e-01
-2.742218375205993652e-01
-3.408710360527038574e-01
-2.724887430667877197e-01
-2.130691558122634888e-01
-2.656056880950927734e-01
-3.139645755290985107e-01
-9.618218243122100830e-02
-8.220814168453216553e-02
-8.530560880899429321e-02
-7.180668413639068604e-02
-1.815404444932937622e-01
-1.420537680387496948e-01
-1.709589958190917969e-01
-1.169735714793205261e-01
-1.595910787582397461e-01
-1.283501535654067993e-01
-1.494503915309906006e-01
-1.649830043315887451e-01
-1.608429253101348877e-01
-1.339970380067825317e-01
-1.443903893232345581e-01
-1.244119256734848022e-01
-1.587520539760589600e-01
-1.674282699823379517e-01
-1.453628987073898315e-01
-1.694262474775314331e-01
-1.324420869350433350e-01
-9.521167725324630737e-02
-1.024940162897109985e-01
-8.144400268793106079e-02
-4.423334077000617981e-02
-5.852428823709487915e-02
-1.169891282916069031e-01
-9.725517034530639648e-02
-1.259948313236236572e-01
-1.255422830581665039e-01
-1.056677401065826416e-01
-1.343207806348800659e-01
-1.369485110044479370e-01
-1.116736829280853271e-01
-1.088043749332427979e-01
-9.955018758773803711e-02
-1.251180022954940796e-01
-1.331971287727355957e-01
-1.055693551898002625e-01
-1.241351515054702759e-01
-1.268449872732162476e-01
-1.028835475444793701e-01
-6.389571726322174072e-02
-1.040904670953750610e-01
-7.402124255895614624e-02
-1.255172193050384521e-01
-1.243749409914016724e-01
-9.766615182161331177e-02
-1.226014941930770874e-01
-7.579574733972549438e-02
-1.289687454700469971e-01
-9.777723997831344604e-02
-1.146720424294471741e-01
-1.014983355998992920e-01
-9.258360415697097778e-02
-6.012363359332084656e-02
-5.871508643031120300e-02
-8.976169675588607788e-02
-7.554617524147033691e-02
-1.224072203040122986e-01
-1.186290979385375977e-01
-1.173494681715965271e-01
-1.116446033120155334e-01
-1.092025265097618103e-01
-1.409196108579635620e-01
-1.212792024016380310e-01
-1.112468019127845764e-01
-9.594841301441192627e-02
-1.017791032791137695e-01
-9.785255044698715210e-02
-6.874841451644897461e-02
-8.130002021789550781e-02
-7.385846227407455444e-02
-9.005743265151977539e-02
-8.567837625741958618e-02
-8.319374173879623413e-02
-6.745473295450210571e-02
-9.431704878807067871e-02
-5.336129292845726013e-02
-9.514436125755310059e-02
-6.002669781446456909e-02
-1.018183380365371704e-01
-7.688040286302566528e-02
-9.630853682756423950e-02
-4.687594249844551086e-02
-5.272837355732917786e-02
-2.970984950661659241e-02
-4.449225962162017822e-03
-8.647536486387252808e-02
-5.686434730887413025e-02
-1.043310537934303284e-01
-8.227969706058502197e-02
-8.457099646329879761e-02
-9.603107720613479614e-02
-8.507689088582992554e-02
-9.305496513843536377e-02
-5.907035619020462036e-02
-2.755508199334144592e-02
-1.254880800843238831e-02
-1.185849681496620178e-01
-1.361007541418075562e-01
-1.052733212709426880e-01
-1.474543809890747070e-01
-1.023805290460586548e-01
-8.215884119272232056e-02
-4.669651389122009277e-02
-8.784422534517943859e-04
-9.389056265354156494e-02
-6.709896773099899292e-02
-7.861205935478210449e-02
-7.301074266433715820e-02
-6.051966175436973572e-02
-8.967874571681022644e-03
-1.573447883129119873e-02
-1.477314680814743042e-01
-1.295209676027297974e-01
-1.382618844509124756e-01
-1.401073485612869263e-01
-1.202211901545524597e-01
-3.940541669726371765e-02
-4.123889282345771790e-02
2.506307326257228851e-03
-8.351778984069824219e-02
-1.004287078976631165e-01
-7.076549530029296875e-02
-5.775249004364013672e-02
-7.611894607543945312e-02
-7.259272783994674683e-02
-1.041333973407745361e-01
-7.592809945344924927e-02
-9.583637118339538574e-02
-6.898227334022521973e-02
-7.688020914793014526e-02
-4.830565676093101501e-02
-9.778374433517456055e-02
-7.996854931116104126e-02
-8.165358006954193115e-02
-5.935936421155929565e-02
-1.076301559805870056e-01
-7.226891070604324341e-02
-7.455222308635711670e-02
-5.831943079829216003e-02
-5.383570864796638489e-02
-4.582023248076438904e-02
-5.992791149765253067e-03
-9.706028550863265991e-02
-7.338920235633850098e-02
-7.672724127769470215e-02
-5.981182307004928589e-02
-9.128333628177642822e-02
-7.532268762588500977e-02
-7.216452062129974365e-02
-7.441374659538269043e-02
-8.481780439615249634e-02
-8.714971691370010376e-02
-8.831889182329177856e-02
-7.922784984111785889e-02
-1.056088432669639587e-01
-9.308112412691116333e-02
-9.439282864332199097e-02
-6.503821164369583130e-02
