-3.052326142787933350e-01
-2.842321097850799561e-01
-3.382347524166107178e-01
-2.652359604835510254e-01
-2.916500568389892578e-01
-2.791647911071777344e-01
-3.258390724658966064e-01
-4.091218709945678711e-01
-2.816921174526214600e-01
-2.868132591247558594e-01
-3.110204041004180908e-01
-4.138792455196380615e-01
-3.392682075500488281e-01
-3.790200948715209961e-01
-2.811531126499176025e-01
-3.487406671047210693e-01
-3.965746462345123291e-01
-3.446464538574218750e-01
-2.924189567565917969e-01
-3.179017305374145508e-01
-2.941683232784271240e-01
-2.798273563385009766e-01
-2.079048454761505127e-01
-2.951623499393463135e-01
-3.119413852691650391e-01
-3.473132848739624023e-01
-2.876481711864471436e-01
-3.648786246776580811e-01
-2.789213955402374268e-01
-3.742957711219787598e-01
-3.474772870540618896e-01
-4.084117114543914795e-01
-3.332557082176208496e-01
-2.988163530826568604e-01
-3.190721571445465088e-01
-3.756574690341949463e-01
-9.464840590953826904e-02
-1.174670457839965820e-01
-9.576743841171264648e-02
-8.076495677232742310e-02
-1.493550837039947510e-01
-1.750833839178085327e-01
-1.338025480508804321e-01
-1.421393156051635742e-01
-1.661893874406814575e-01
-1.568347811698913574e-01
-1.782798469066619873e-01
-2.032923251390457153e-01
-1.792472153902053833e-01
-1.413925886154174805e-01
-1.670123785734176636e-01
-1.575261205434799194e-01
-1.568858176469802856e-01
-1.909131109714508057e-01
-1.685036420822143555e-01
-1.892985552549362183e-01
-1.499887555837631226e-01
-1.434956341981887817e-01
-1.106881126761436462e-01
-1.206210702657699585e-01
-6.399593502283096313e-02
-5.897829309105873108e-02
-1.421095877885818481e-01
-1.094425767660140991e-01
-1.501577198505401611e-01
-1.550357937812805176e-01
-1.349654644727706909e-01
-1.642559021711349487e-01
-1.480553895235061646e-01
-1.215495094656944275e-01
-1.247679293155670166e-01
-1.174404695630073547e-01
-1.362779736518859863e-01
-1.399928480386734009e-01
-1.084630414843559265e-01
-1.736024320125579834e-01
-1.489323228597640991e-01
-9.743421524763107300e-02
-7.943455874919891357e-02
-1.171386763453483582e-01
-9.750000387430191040e-02
-1.348377317190170288e-01
-1.296924352645874023e-01
-1.185969039797782898e-01
-1.451290994882583618e-01
-9.213615208864212036e-02
-1.588949710130691528e-01
-1.338017433881759644e-01
-1.238650679588317871e-01
-1.239150539040565491e-01
-1.125820353627204895e-01
-9.395627677440643311e-02
-9.467385709285736084e-02
-1.123284697532653809e-01
-9.117014706134796143e-02
-1.383777856826782227e-01
-1.330327689647674561e-01
-1.504926681518554688e-01
-1.220361962914466858e-01
-1.304943561553955078e-01
-1.374306678771972656e-01
-1.437548249959945679e-01
-1.428738236427307129e-01
-1.211661398410797119e-01
-1.170845702290534973e-01
-1.311368346214294434e-01
-9.997841715812683105e-02
-9.509348869323730469e-02
-1.044957265257835388e-01
-8.327805995941162109e-02
-1.077777594327926636e-01
-7.890350371599197388e-02
-7.590088993310928345e-02
-1.004053950309753418e-01
-6.900713592767715454e-02
-1.172198876738548279e-01
-7.840109616518020630e-02
-1.274778842926025391e-01
-9.101790189743041992e-02
-1.147959306836128235e-01
-8.044192194938659668e-02
-6.099639087915420532e-02
-4.343536123633384705e-02
-1.479339227080345154e-02
-1.149200797080993652e-01
-6.907428801059722900e-02
-1.253362596035003662e-01
-9.580922871828079224e-02
-1.145635321736335754e-01
-1.217816695570945740e-01
-7.987232506275177002e-02
-9.388899803161621094e-02
-6.087105721235275269e-02
-3.673129156231880188e-02
-1.131242699921131134e-02
-1.415006369352340698e-01
-1.434507668018341064e-01
-1.471818387508392334e-01
-1.447063386440277100e-01
-1.207181438803672791e-01
-7.172961533069610596e-02
-3.381630778312683105e-02
-4.165354743599891663e-02
-1.172858998179435730e-01
-7.352824509143829346e-02
-1.033738031983375549e-01
-8.497464656829833984e-02
-7.048300653696060181e-02
-1.422912720590829849e-02
-4.193115979433059692e-02
-1.719363778829574585e-01
-1.565001308917999268e-01
-1.452230364084243774e-01
-1.529524177312850952e-01
-1.324594616889953613e-01
-7.565885037183761597e-02
-4.365918785333633423e-02
-7.831493392586708069e-03
-1.099098622798919678e-01
-9.523364156484603882e-02
-7.888843864202499390e-02
-5.755050107836723328e-02
-1.087512075901031494e-01
-8.996823430061340332e-02
-1.107046529650688171e-01
-9.476540982723236084e-02
-1.198135539889335632e-01
-6.743551790714263916e-02
-1.113877296447753906e-01
-6.757134944200515747e-02
-1.157551780343055725e-01
-9.581245481967926025e-02
-9.777200222015380859e-02
-8.770883828401565552e-02
-1.253943443298339844e-01
-8.588190376758575439e-02
-9.219806641340255737e-02
-9.380950033664703369e-02
-6.346794962882995605e-02
-6.874755769968032837e-02
-3.008471801877021790e-02
-1.218992918729782104e-01
-1.099163219332695007e-01
-1.018232330679893494e-01
-9.430439025163650513e-02
-1.142402216792106628e-01
-7.787291705608367920e-02
-8.469711244106292725e-02
-6.768584251403808594e-02
-9.413539618253707886e-02
-1.028806790709495544e-01
-1.068108379840850830e-01
-9.567937254905700684e-02
-1.062635704874992371e-01
-7.884850353002548218e-02
-1.068652272224426270e-01
-9.561693668365478516e-02
