-2.886884808540344238e-01
-2.954146564006805420e-01
-2.897856533527374268e-01
-1.976237297058105469e-01
-2.359623461961746216e-01
-2.396000474691390991e-01
-2.525116205215454102e-01
-3.432252407073974609e-01
-2.608670890331268311e-01
-2.254241704940795898e-01
-2.469132691621780396e-01
-3.119620382785797119e-01
-2.248427122831344604e-01
-3.435265421867370605e-01
-2.134135961532592773e-01
-2.624635994434356689e-01
-3.488233983516693115e-01
-2.765426337718963623e-01
-2.840935885906219482e-01
-2.992247641086578369e-01
-2.285681217908859253e-01
-2.165212333202362061e-01
-1.874225735664367676e-01
-2.347403913736343384e-01
-2.675676047801971436e-01
-3.044346272945404053e-01
-2.268582731485366821e-01
-2.932578623294830322e-01
-2.188934534788131714e-01
-2.977604866027832031e-01
-2.365733385086059570e-01
-3.230353891849517822e-01
-2.760552167892456055e-01
-2.043450176715850830e-01
-2.462902665138244629e-01
-3.199294209480285645e-01
-9.828584641218185425e-02
-1.056993082165718079e-01
-8.627666532993316650e-02
-7.423928380012512207e-02
-1.573736071586608887e-01
-1.509339362382888794e-01
-1.647136807441711426e-01
-1.271550059318542480e-01
-1.495410948991775513e-01
-1.356831341981887817e-01
-1.422069072723388672e-01
-1.622950285673141479e-01
-1.764177232980728149e-01
-1.243760958313941956e-01
-1.679183691740036011e-01
-1.324635595083236694e-01
-1.728826612234115601e-01
-1.857348829507827759e-01
-1.448546946048736572e-01
-1.551449596881866455e-01
-1.402524560689926147e-01
-1.218731328845024109e-01
-1.125728935003280640e-01
-9.549119323492050171e-02
-6.308777630329132080e-02
-6.357292830944061279e-02
-1.489612162113189697e-01
-9.529612213373184204e-02
-1.406603306531906128e-01
-1.184861287474632263e-01
-1.063598021864891052e-01
-1.075538620352745056e-01
-1.387028694152832031e-01
-8.308542519807815552e-02
-1.064114421606063843e-01
-1.143115088343620300e-01
-1.194629222154617310e-01
-1.161628216505050659e-01
-1.058611720800399780e-01
-1.236597448587417603e-01
-1.393610835075378418e-01
-9.099761396646499634e-02
-6.718583405017852783e-02
-9.314812719821929932e-02
-5.760456994175910950e-02
-1.368524283170700073e-01
-1.171654611825942993e-01
-1.212960183620452881e-01
-1.411038488149642944e-01
-7.316523790359497070e-02
-1.348006129264831543e-01
-1.060226857662200928e-01
-1.203223466873168945e-01
-1.365613639354705811e-01
-1.068573147058486938e-01
-1.124524772167205811e-01
-7.583030313253402710e-02
-8.008752763271331787e-02
-9.261953830718994141e-02
-1.297865808010101318e-01
-1.067842692136764526e-01
-1.291932910680770874e-01
-1.141201406717300415e-01
-1.210177242755889893e-01
-1.479478180408477783e-01
-1.350819617509841919e-01
-1.460656076669692993e-01
-1.117688715457916260e-01
-1.067303121089935303e-01
-1.063248664140701294e-01
-8.183365315198898315e-02
-9.561709314584732056e-02
-8.353839069604873657e-02
-9.384532272815704346e-02
-9.343191236257553101e-02
-6.551603972911834717e-02
-7.455664873123168945e-02
-9.772104024887084961e-02
-5.550212413072586060e-02
-1.177852675318717957e-01
-7.361927628517150879e-02
-1.166242510080337524e-01
-5.930911749601364136e-02
-7.370802760124206543e-02
-6.112208589911460876e-02
-5.478168278932571411e-02
-2.704235166311264038e-02
-3.537501022219657898e-02
-1.013362407684326172e-01
-7.484481483697891235e-02
-9.076671302318572998e-02
-6.600517779588699341e-02
-1.160977110266685486e-01
-9.449432045221328735e-02
-7.629371434450149536e-02
-8.852640539407730103e-02
-6.152957305312156677e-02
-5.763999745249748230e-02
-1.986021175980567932e-02
-1.433632224798202515e-01
-1.215969398617744446e-01
-1.058949828147888184e-01
-1.176803484559059143e-01
-1.254847049713134766e-01
-5.871157348155975342e-02
-3.520051017403602600e-02
-2.427520975470542908e-02
-9.642512351274490356e-02
-8.292840421199798584e-02
-8.007033914327621460e-02
-8.470714837312698364e-02
-4.373971000313758850e-02
-4.111369699239730835e-02
-1.212537940591573715e-02
-1.507588922977447510e-01
-1.364944279193878174e-01
-1.384679526090621948e-01
-1.299940347671508789e-01
-1.068410202860832214e-01
-5.606197193264961243e-02
-4.159272089600563049e-02
-5.369487684220075607e-03
-1.071825921535491943e-01
-9.601592272520065308e-02
-9.069458395242691040e-02
-5.992867425084114075e-02
-9.066163748502731323e-02
-6.971398741006851196e-02
-1.106414571404457092e-01
-8.269105106592178345e-02
-1.105489805340766907e-01
-6.960351765155792236e-02
-8.254498243331909180e-02
-7.055225968360900879e-02
-1.174793317914009094e-01
-9.338822215795516968e-02
-1.110111698508262634e-01
-8.844858407974243164e-02
-1.050819233059883118e-01
-8.454332500696182251e-02
-8.602052927017211914e-02
-8.090998232364654541e-02
-4.876536503434181213e-02
-6.862323731184005737e-02
-2.194133028388023376e-02
-1.083550900220870972e-01
-1.042596250772476196e-01
-9.032499045133590698e-02
-7.459010928869247437e-02
-9.726231545209884644e-02
-8.832122385501861572e-02
-6.426659971475601196e-02
-1.023257076740264893e-01
-9.066592901945114136e-02
-8.144915103912353516e-02
-9.079567342996597290e-02
-1.012126654386520386e-01
-1.039392277598381042e-01
-9.459412842988967896e-02
-1.035171747207641602e-01
-8.317871391773223877e-02
