-2.688644230365753174e-01
-2.664515376091003418e-01
-2.937686145305633545e-01
-2.384636402130126953e-01
-2.707528769969940186e-01
-2.543613910675048828e-01
-3.108271956443786621e-01
-3.659525215625762939e-01
-2.926166355609893799e-01
-2.687381505966186523e-01
-2.848086655139923096e-01
-3.982968330383300781e-01
-2.989788949489593506e-01
-3.559631109237670898e-01
-2.293094843626022339e-01
-3.227028846740722656e-01
-3.868281841278076172e-01
-3.122657537460327148e-01
-2.878587543964385986e-01
-2.986353933811187744e-01
-2.878300845623016357e-01
-2.362232208251953125e-01
-2.131685912609100342e-01
-2.987276315689086914e-01
-2.993385791778564453e-01
-3.162217438220977783e-01
-2.404845654964447021e-01
-3.545028567314147949e-01
-2.695433795452117920e-01
-3.309926688671112061e-01
-2.985891103744506836e-01
-3.674420714378356934e-01
-3.259440660476684570e-01
-2.733222246170043945e-01
-3.085979521274566650e-01
-3.333152532577514648e-01
-1.029600575566291809e-01
-9.891841560602188110e-02
-6.925110518932342529e-02
-8.004108816385269165e-02
-1.568288654088973999e-01
-1.486761718988418579e-01
-1.555749177932739258e-01
-1.295677572488784790e-01
-1.865327358245849609e-01
-1.275705844163894653e-01
-1.556847244501113892e-01
-1.669803410768508911e-01
-1.560930609703063965e-01
-1.325886547565460205e-01
-1.608409136533737183e-01
-1.394424885511398315e-01
-1.589194387197494507e-01
-1.671175360679626465e-01
-1.481240689754486084e-01
-1.802367717027664185e-01
-1.274699419736862183e-01
-1.369457393884658813e-01
-1.061392202973365784e-01
-1.136626452207565308e-01
-5.744687095284461975e-02
-5.742203444242477417e-02
-1.439802050590515137e-01
-9.942851960659027100e-02
-1.236932203173637390e-01
-1.397400647401809692e-01
-1.214614734053611755e-01
-1.463433206081390381e-01
-1.349065601825714111e-01
-1.043648421764373779e-01
-1.259346902370452881e-01
-1.226040944457054138e-01
-1.269855797290802002e-01
-1.395834088325500488e-01
-1.151442900300025940e-01
-1.192402616143226624e-01
-1.450420469045639038e-01
-9.847175329923629761e-02
-6.409226357936859131e-02
-9.760750830173492432e-02
-9.729576110839843750e-02
-1.224656626582145691e-01
-1.274347603321075439e-01
-1.080023720860481262e-01
-1.512554585933685303e-01
-9.720657765865325928e-02
-1.509344130754470825e-01
-1.020582318305969238e-01
-1.405122578144073486e-01
-1.412187367677688599e-01
-1.191791892051696777e-01
-1.185535639524459839e-01
-7.663109153509140015e-02
-9.402951598167419434e-02
-8.982633799314498901e-02
-1.617973893880844116e-01
-1.162965074181556702e-01
-1.444124579429626465e-01
-1.386853605508804321e-01
-1.320790350437164307e-01
-1.668947190046310425e-01
-1.346273273229598999e-01
-1.532725393772125244e-01
-1.077128499746322632e-01
-1.154919192194938660e-01
-1.022426784038543701e-01
-9.077894687652587891e-02
-8.615605533123016357e-02
-1.012933850288391113e-01
-1.067959442734718323e-01
-1.051028370857238770e-01
-6.280209124088287354e-02
-8.685755729675292969e-02
-8.825588971376419067e-02
-7.973072677850723267e-02
-1.067867502570152283e-01
-6.578895449638366699e-02
-9.958963096141815186e-02
-7.948005199432373047e-02
-6.685912609100341797e-02
-6.597784906625747681e-02
-6.126719340682029724e-02
-3.271510079503059387e-02
-1.586705632507801056e-02
-1.012182086706161499e-01
-7.022303342819213867e-02
-1.124786883592605591e-01
-9.694326668977737427e-02
-1.029735431075096130e-01
-1.215656548738479614e-01
-8.581543713808059692e-02
-1.013272479176521301e-01
-7.134076207876205444e-02
-3.736264258623123169e-02
-1.755428314208984375e-02
-1.514864712953567505e-01
-1.572219282388687134e-01
-1.259810477495193481e-01
-1.504422128200531006e-01
-1.305150538682937622e-01
-5.492213740944862366e-02
-3.987367451190948486e-02
-2.894091419875621796e-02
-1.058383658528327942e-01
-8.692011237144470215e-02
-7.755389064550399780e-02
-8.610701560974121094e-02
-6.490799039602279663e-02
-2.568275481462478638e-02
-3.029344230890274048e-02
-1.837172657251358032e-01
-1.287438422441482544e-01
-1.454667896032333374e-01
-1.493312269449234009e-01
-1.228350028395652771e-01
-6.467930227518081665e-02
-4.275761172175407410e-02
-9.858160279691219330e-03
-1.222999840974807739e-01
-9.327701479196548462e-02
-7.335897535085678101e-02
-7.250332087278366089e-02
-9.545329213142395020e-02
-1.226619109511375427e-01
-8.621256053447723389e-02
-1.108420938253402710e-01
-1.064374893903732300e-01
-7.492753118276596069e-02
-9.661879390478134155e-02
-7.077723741531372070e-02
-8.178811520338058472e-02
-9.763105213642120361e-02
-9.561769664287567139e-02
-5.974534526467323303e-02
-1.416655182838439941e-01
-9.774129837751388550e-02
-1.008136719465255737e-01
-7.188972830772399902e-02
-3.914821147918701172e-02
-5.883462354540824890e-02
-5.440839752554893494e-02
-1.267599016427993774e-01
-8.457985520362854004e-02
-7.828583568334579468e-02
-8.245846629142761230e-02
-9.480427950620651245e-02
-8.469537645578384399e-02
-7.447335124015808105e-02
-7.998708635568618774e-02
-1.121642887592315674e-01
-9.302189946174621582e-02
-1.046813800930976868e-01
-1.104566529393196106e-01
-1.127507314085960388e-01
-8.336971700191497803e-02
-1.053933575749397278e-01
-6.871441751718521118e-02
