-2.169880270957946777e-01
-2.125458568334579468e-01
-2.556723952293395996e-01
-2.255135625600814819e-01
-2.356714904308319092e-01
-2.213274240493774414e-01
-2.535943388938903809e-01
-2.940379083156585693e-01
-2.688808441162109375e-01
-3.062978684902191162e-01
-2.751371264457702637e-01
-3.312083482742309570e-01
-2.836393415927886963e-01
-3.376708030700683594e-01
-2.733670175075531006e-01
-3.319748938083648682e-01
-3.131870925426483154e-01
-3.562275171279907227e-01
-2.551642358303070068e-01
-2.586978673934936523e-01
-2.253894954919815063e-01
-2.692639231681823730e-01
-2.600328922271728516e-01
-2.548018097877502441e-01
-2.534909546375274658e-01
-2.628217041492462158e-01
-2.716270387172698975e-01
-2.978566586971282959e-01
-2.465495169162750244e-01
-3.565264940261840820e-01
-3.060458600521087646e-01
-3.404426276683807373e-01
-2.591209411621093750e-01
-2.997194230556488037e-01
-3.007462322711944580e-01
-3.427313268184661865e-01
-6.126679480075836182e-02
-6.399534642696380615e-02
-3.791802003979682922e-02
1.900050230324268341e-02
-1.311598122119903564e-01
-1.327377110719680786e-01
-7.226380705833435059e-02
-9.200102090835571289e-02
-9.573431313037872314e-02
-7.125426828861236572e-02
-1.188832297921180725e-01
-1.301084905862808228e-01
-1.341016441583633423e-01
-1.117688715457916260e-01
-1.319245696067810059e-01
-1.022442653775215149e-01
-1.156833246350288391e-01
-1.214041411876678467e-01
-1.185130774974822998e-01
-1.171524524688720703e-01
-1.096030995249748230e-01
-6.509712338447570801e-02
-8.783225715160369873e-02
-8.484123647212982178e-02
-2.611126936972141266e-02
-1.725416071712970734e-02
-1.251031607389450073e-01
-5.110067129135131836e-02
-9.237264096736907959e-02
-9.966396540403366089e-02
-6.356332451105117798e-02
-1.149704381823539734e-01
-8.538233488798141479e-02
-6.802099943161010742e-02
-7.206048071384429932e-02
-6.766916811466217041e-02
-9.510478377342224121e-02
-9.643080830574035645e-02
-6.561698764562606812e-02
-1.052778214216232300e-01
-1.107825189828872681e-01
-9.250544011592864990e-02
-3.672286868095397949e-02
-1.086307689547538757e-01
-4.382649809122085571e-02
-1.521399021148681641e-01
-9.121868759393692017e-02
-1.008606925606727600e-01
-1.246909722685813904e-01
-5.007770657539367676e-02
-1.046985164284706116e-01
-7.671627402305603027e-02
-9.087377786636352539e-02
-7.522585988044738770e-02
-7.003437727689743042e-02
-6.802172958850860596e-02
-4.728122428059577942e-02
-6.181558594107627869e-02
-8.416375145316123962e-03
-1.100372672080993652e-01
-9.117297083139419556e-02
-8.276560902595520020e-02
-8.948118984699249268e-02
-7.710920274257659912e-02
-1.035065203905105591e-01
-8.328431844711303711e-02
-9.038076549768447876e-02
-4.214908182621002197e-02
-5.668994784355163574e-02
-8.462281525135040283e-02
-3.450096398591995239e-02
-7.561463862657546997e-02
-3.695394098758697510e-02
-6.743758171796798706e-02
-6.824310868978500366e-02
-2.955245971679687500e-02
-1.111889956519007683e-03
-1.014322638511657715e-01
-3.376007825136184692e-02
-8.790720254182815552e-02
-1.513621583580970764e-02
-1.074366569519042969e-01
-5.755488201975822449e-02
-7.944590598344802856e-02
-3.679031133651733398e-02
-3.571711853146553040e-02
-2.896423824131488800e-02
2.596125751733779907e-02
-7.617742568254470825e-02
-3.801899403333663940e-02
-9.106995910406112671e-02
-5.994809046387672424e-02
-9.111726284027099609e-02
-8.854717016220092773e-02
-5.537424236536026001e-02
-4.550649598240852356e-02
-2.505207993090152740e-02
-1.449033152312040329e-02
7.105270773172378540e-02
-9.434760361909866333e-02
-8.294437080621719360e-02
-8.888650685548782349e-02
-1.128490492701530457e-01
-1.048213541507720947e-01
-5.059511959552764893e-02
-2.160449884831905365e-02
1.556469593197107315e-02
-7.022188603878021240e-02
-4.471938684582710266e-02
-6.219387054443359375e-02
-3.083218075335025787e-02
-6.246863678097724915e-02
-4.331912845373153687e-03
-4.116497002542018890e-03
-1.361392140388488770e-01
-1.372712254524230957e-01
-1.423093974590301514e-01
-1.118524968624114990e-01
-9.934531152248382568e-02
-4.156697541475296021e-02
-1.325781270861625671e-02
4.463232681155204773e-02
-8.084703981876373291e-02
-5.285020917654037476e-02
-3.284723684191703796e-02
-1.392648555338382721e-02
-7.381245493888854980e-02
-6.423079967498779297e-02
-7.102610170841217041e-02
-6.495186686515808105e-02
-6.018565595149993896e-02
-2.722307853400707245e-02
-5.686654895544052124e-02
-2.669165842235088348e-02
-5.606897175312042236e-02
-4.870814830064773560e-02
-6.570442765951156616e-02
1.760000828653573990e-03
-6.161338090896606445e-02
-4.082194715738296509e-02
-7.240192592144012451e-02
-3.901549056172370911e-02
-3.203936666250228882e-02
-4.370627924799919128e-02
2.862337278202176094e-03
-6.182879954576492310e-02
-4.832880571484565735e-02
-5.943841114640235901e-02
2.421124652028083801e-02
-8.617956936359405518e-02
-6.978040933609008789e-02
-3.434863686561584473e-02
-2.714690193533897400e-02
-7.557976990938186646e-02
-7.056196033954620361e-02
-6.349606066942214966e-02
-7.055377960205078125e-02
-8.453549444675445557e-02
-5.007475614547729492e-02
-7.801450043916702271e-02
2.961786929517984390e-03
