-2.917213141918182373e-01
-2.497263550758361816e-01
-2.815209925174713135e-01
-2.202864438295364380e-01
-2.263614088296890259e-01
-2.621378302574157715e-01
-2.834589481353759766e-01
-3.587289452552795410e-01
-2.746403515338897705e-01
-2.268593162298202515e-01
-2.530341148376464844e-01
-3.353562057018280029e-01
-2.609350383281707764e-01
-3.189409375190734863e-01
-1.971213668584823608e-01
-2.561577558517456055e-01
-3.603268861770629883e-01
-2.693871557712554932e-01
-2.624181807041168213e-01
-2.983894348144531250e-01
-2.359516769647598267e-01
-2.117466330528259277e-01
-2.044574171304702759e-01
-2.453708350658416748e-01
-2.730154395103454590e-01
-3.141894936561584473e-01
-2.267283052206039429e-01
-2.969262599945068359e-01
-2.234445959329605103e-01
-3.089138269424438477e-01
-2.595901787281036377e-01
-3.429945409297943115e-01
-3.026477694511413574e-01
-2.592675387859344482e-01
-2.683356404304504395e-01
-2.998355329036712646e-01
-1.066243276000022888e-01
-9.738272428512573242e-02
-8.817627280950546265e-02
-9.590309113264083862e-02
-1.623000353574752808e-01
-1.473918557167053223e-01
-1.391043663024902344e-01
-1.462493389844894409e-01
-1.260176301002502441e-01
-1.386211365461349487e-01
-1.456636488437652588e-01
-1.655731499195098877e-01
-1.643505543470382690e-01
-1.398215889930725098e-01
-1.500296741724014282e-01
-1.225003525614738464e-01
-1.591329127550125122e-01
-1.850292533636093140e-01
-1.343356072902679443e-01
-1.792173087596893311e-01
-1.379313170909881592e-01
-1.262569129467010498e-01
-9.437824040651321411e-02
-9.860724210739135742e-02
-7.159747183322906494e-02
-6.327176839113235474e-02
-1.421289891004562378e-01
-9.810455143451690674e-02
-1.131222322583198547e-01
-1.120493933558464050e-01
-1.235917806625366211e-01
-1.248927786946296692e-01
-1.241715401411056519e-01
-1.028958484530448914e-01
-1.148416548967361450e-01
-9.254594147205352783e-02
-1.323704570531845093e-01
-1.371715962886810303e-01
-1.017578989267349243e-01
-1.328658312559127808e-01
-1.334433555603027344e-01
-1.079367175698280334e-01
-6.428922712802886963e-02
-9.360715001821517944e-02
-7.535547763109207153e-02
-1.304874122142791748e-01
-1.444404274225234985e-01
-1.152203828096389771e-01
-1.533154845237731934e-01
-7.727095484733581543e-02
-1.423688083887100220e-01
-1.160132214426994324e-01
-1.294526159763336182e-01
-1.344900280237197876e-01
-1.184259653091430664e-01
-8.965565264225006104e-02
-9.538386017084121704e-02
-8.248359709978103638e-02
-1.024336069822311401e-01
-1.372575610876083374e-01
-1.106355637311935425e-01
-1.448861062526702881e-01
-9.618122130632400513e-02
-1.116286292672157288e-01
-1.576778441667556763e-01
-1.489616781473159790e-01
-1.278551071882247925e-01
-1.180306598544120789e-01
-1.136956885457038879e-01
-8.311360329389572144e-02
-8.503508567810058594e-02
-9.204455465078353882e-02
-7.423810660839080811e-02
-8.834049850702285767e-02
-9.901214390993118286e-02
-5.523171275854110718e-02
-8.819467574357986450e-02
-8.373837918043136597e-02
-7.802727073431015015e-02
-9.273639321327209473e-02
-6.828504055738449097e-02
-1.106280237436294556e-01
-6.915648281574249268e-02
-9.884318709373474121e-02
-6.799650192260742188e-02
-7.904892414808273315e-02
-4.057905450463294983e-02
-1.289996691048145294e-02
-1.263475716114044189e-01
-7.526133209466934204e-02
-1.025691628456115723e-01
-8.307715505361557007e-02
-1.070071458816528320e-01
-1.018258258700370789e-01
-7.854066044092178345e-02
-8.553996682167053223e-02
-4.841081425547599792e-02
-4.348703101277351379e-02
-2.437438815832138062e-02
-1.316796094179153442e-01
-1.360299140214920044e-01
-1.130509227514266968e-01
-1.095113530755043030e-01
-1.017723828554153442e-01
-6.139556691050529480e-02
-3.209254890680313110e-02
-2.445743978023529053e-02
-9.947014600038528442e-02
-7.313645631074905396e-02
-1.044452860951423645e-01
-8.057789504528045654e-02
-7.515510171651840210e-02
-2.419840730726718903e-02
-1.488790661096572876e-02
-1.582633405923843384e-01
-1.449987292289733887e-01
-1.481837779283523560e-01
-1.244314014911651611e-01
-1.232727393507957458e-01
-5.037511885166168213e-02
-4.706738889217376709e-02
-3.962276503443717957e-03
-1.093393340706825256e-01
-8.081088215112686157e-02
-6.578261405229568481e-02
-8.539041131734848022e-02
-1.018187776207923889e-01
-1.030213460326194763e-01
-9.242925792932510376e-02
-1.077082231640815735e-01
-1.074624210596084595e-01
-6.440230458974838257e-02
-7.832811027765274048e-02
-6.183974817395210266e-02
-1.004610061645507812e-01
-7.421123981475830078e-02
-8.979074656963348389e-02
-1.029400825500488281e-01
-1.170362234115600586e-01
-8.765437453985214233e-02
-7.708313316106796265e-02
-9.140691161155700684e-02
-6.108285859227180481e-02
-6.113038584589958191e-02
-4.598743841052055359e-02
-9.083057940006256104e-02
-8.971635997295379639e-02
-8.165476471185684204e-02
-9.717845916748046875e-02
-9.792412817478179932e-02
-7.223758101463317871e-02
-8.620927482843399048e-02
-6.367433816194534302e-02
-1.069447249174118042e-01
-1.219556108117103577e-01
-8.741609007120132446e-02
-9.787950664758682251e-02
-1.060929596424102783e-01
-7.657605409622192383e-02
-8.326563239097595215e-02
-8.254641294479370117e-02
