-2.929503917694091797e-01
-3.121552765369415283e-01
-3.391173481941223145e-01
-2.402869611978530884e-01
-2.754434943199157715e-01
-2.720417380332946777e-01
-3.242059946060180664e-01
-3.470949232578277588e-01
-3.026228845119476318e-01
-2.951400876045227051e-01
-2.967009246349334717e-01
-4.048318862915039062e-01
-3.165645301342010498e-01
-3.717119097709655762e-01
-2.548436224460601807e-01
-3.324594199657440186e-01
-3.973867595195770264e-01
-3.388640582561492920e-01
-3.041995167732238770e-01
-3.262062370777130127e-01
-2.796957790851593018e-01
-2.664322853088378906e-01
-2.197080850601196289e-01
-2.746388316154479980e-01
-2.987828254699707031e-01
-3.263626396656036377e-01
-2.879032790660858154e-01
-3.553484678268432617e-01
-2.786436676979064941e-01
-3.824440836906433105e-01
-3.197599947452545166e-01
-3.586057126522064209e-01
-3.395206034183502197e-01
-2.973337769508361816e-01
-3.236518800258636475e-01
-3.591196238994598389e-01
-9.429220110177993774e-02
-8.453906327486038208e-02
-6.978274136781692505e-02
-3.139365836977958679e-02
-1.678036749362945557e-01
-1.353949606418609619e-01
-1.424067020416259766e-01
-1.424718946218490601e-01
-1.629863530397415161e-01
-1.111859530210494995e-01
-1.719818562269210815e-01
-1.864968985319137573e-01
-1.751190125942230225e-01
-1.378578692674636841e-01
-1.641401648521423340e-01
-1.231192499399185181e-01
-1.461564749479293823e-01
-1.691064834594726562e-01
-1.743051111698150635e-01
-1.823115348815917969e-01
-1.538878083229064941e-01
-1.089843809604644775e-01
-9.834789484739303589e-02
-1.093536242842674255e-01
-3.772173449397087097e-02
-3.202573210000991821e-02
-1.214141845703125000e-01
-9.196338057518005371e-02
-1.397486925125122070e-01
-1.319711059331893921e-01
-8.885422348976135254e-02
-1.342363953590393066e-01
-1.389331519603729248e-01
-1.129433810710906982e-01
-1.222628578543663025e-01
-9.001319855451583862e-02
-1.503969728946685791e-01
-1.256489902734756470e-01
-1.228871941566467285e-01
-1.367965787649154663e-01
-1.246153712272644043e-01
-1.311166882514953613e-01
-6.966450065374374390e-02
-1.014218777418136597e-01
-5.510243773460388184e-02
-1.419628560543060303e-01
-1.345600187778472900e-01
-1.023049652576446533e-01
-1.556496918201446533e-01
-5.401377379894256592e-02
-1.536324024200439453e-01
-1.033230274915695190e-01
-1.406804919242858887e-01
-1.249189600348472595e-01
-9.067471325397491455e-02
-1.021066308021545410e-01
-6.235464662313461304e-02
-9.168980270624160767e-02
-4.199423268437385559e-02
-1.636565774679183960e-01
-1.237305477261543274e-01
-1.305833309888839722e-01
-1.224636510014533997e-01
-9.379132837057113647e-02
-1.355968117713928223e-01
-1.312982141971588135e-01
-1.420785337686538696e-01
-1.007651910185813904e-01
-7.583728432655334473e-02
-1.063908338546752930e-01
-7.114451378583908081e-02
-9.343486279249191284e-02
-6.852576881647109985e-02
-1.089549064636230469e-01
-9.662707895040512085e-02
-7.245866209268569946e-02
-3.015296906232833862e-02
-9.352659434080123901e-02
-7.372484356164932251e-02
-9.017165750265121460e-02
-4.268490895628929138e-02
-1.156052276492118835e-01
-7.874296605587005615e-02
-9.968131035566329956e-02
-3.917750716209411621e-02
-4.903669282793998718e-02
-1.855990290641784668e-02
1.370687689632177353e-02
-1.073989719152450562e-01
-7.348554581403732300e-02
-1.107071340084075928e-01
-5.883724987506866455e-02
-1.181745231151580811e-01
-1.055241227149963379e-01
-8.833974599838256836e-02
-5.897243693470954895e-02
-5.711245909333229065e-02
-5.450436472892761230e-02
8.691960945725440979e-03
-1.300329267978668213e-01
-1.244065389037132263e-01
-1.142683029174804688e-01
-1.313182562589645386e-01
-9.934135526418685913e-02
-6.313981860876083374e-02
-3.633654117584228516e-02
-9.198323823511600494e-03
-1.006615087389945984e-01
-7.246458530426025391e-02
-8.092443645000457764e-02
-4.813447967171669006e-02
-6.650960445404052734e-02
-1.927666179835796356e-02
1.184453256428241730e-03
-1.958435773849487305e-01
-1.700860559940338135e-01
-1.635153144598007202e-01
-1.610132306814193726e-01
-1.106330975890159607e-01
-6.620786339044570923e-02
-2.113204076886177063e-02
1.883831620216369629e-02
-1.049953475594520569e-01
-8.348720520734786987e-02
-6.024121120572090149e-02
-3.528762608766555786e-02
-9.563777595758438110e-02
-8.382131159305572510e-02
-1.033910140395164490e-01
-6.220474094152450562e-02
-1.050930619239807129e-01
-5.909901857376098633e-02
-8.716881275177001953e-02
-4.219496995210647583e-02
-9.399236738681793213e-02
-8.921036124229431152e-02
-7.520000636577606201e-02
-4.473104327917098999e-02
-9.625674039125442505e-02
-8.571590483188629150e-02
-9.394072741270065308e-02
-6.111298874020576477e-02
-4.355185851454734802e-02
-4.557793959975242615e-02
7.092628628015518188e-03
-9.305366128683090210e-02
-9.241525828838348389e-02
-9.271904081106185913e-02
-3.071634098887443542e-02
-1.124252378940582275e-01
-8.488197624683380127e-02
-7.386960834264755249e-02
-3.841767087578773499e-02
-1.028516441583633423e-01
-1.067056655883789062e-01
-8.831038326025009155e-02
-7.282005995512008667e-02
-9.565693140029907227e-02
-7.834635674953460693e-02
-7.077389955520629883e-02
-5.108340829610824585e-02
