-3.178274333477020264e-01
-2.990054786205291748e-01
-3.192522525787353516e-01
-2.612750828266143799e-01
-2.930280268192291260e-01
-2.762376964092254639e-01
-3.305772840976715088e-01
-3.629747927188873291e-01
-3.242353200912475586e-01
-3.373079895973205566e-01
-3.237998485565185547e-01
-3.950177729129791260e-01
-3.401665091514587402e-01
-3.581831455230712891e-01
-2.693825066089630127e-01
-3.375785350799560547e-01
-3.856359124183654785e-01
-3.587560653686523438e-01
-3.171305358409881592e-01
-3.246301412582397461e-01
-3.019988238811492920e-01
-2.998366653919219971e-01
-2.283937036991119385e-01
-3.092558383941650391e-01
-3.104582130908966064e-01
-3.420258164405822754e-01
-2.775288224220275879e-01
-3.643659353256225586e-01
-3.023454844951629639e-01
-4.051534533500671387e-01
-3.427963852882385254e-01
-4.070479869842529297e-01
-3.307821452617645264e-01
-3.054300248622894287e-01
-3.050889670848846436e-01
-3.774025738239288330e-01
-9.775973856449127197e-02
-8.399164676666259766e-02
-7.829289883375167847e-02
-6.969451904296875000e-02
-1.934223771095275879e-01
-1.581956446170806885e-01
-1.430312842130661011e-01
-1.382424235343933105e-01
-1.695723384618759155e-01
-1.370824426412582397e-01
-1.676284074783325195e-01
-1.896467059850692749e-01
-1.787159591913223267e-01
-1.428576111793518066e-01
-1.969124078750610352e-01
-1.428396403789520264e-01
-1.834157854318618774e-01
-1.711315810680389404e-01
-1.718958914279937744e-01
-1.610478907823562622e-01
-1.534535884857177734e-01
-1.197128966450691223e-01
-1.045426502823829651e-01
-1.313250809907913208e-01
-4.987286031246185303e-02
-5.919583141803741455e-02
-1.517366468906402588e-01
-1.099675521254539490e-01
-1.390295475721359253e-01
-1.268968731164932251e-01
-1.062707155942916870e-01
-1.301316916942596436e-01
-1.177614778280258179e-01
-1.031906530261039734e-01
-1.327964812517166138e-01
-1.024312749505043030e-01
-1.406419128179550171e-01
-1.519138664007186890e-01
-1.134994402527809143e-01
-1.379369199275970459e-01
-1.394826620817184448e-01
-1.298573613166809082e-01
-8.742492645978927612e-02
-1.043566539883613586e-01
-8.206935226917266846e-02
-1.449048966169357300e-01
-1.488185971975326538e-01
-1.151327267289161682e-01
-1.510489732027053833e-01
-7.424771785736083984e-02
-1.361106485128402710e-01
-1.008355095982551575e-01
-1.243096366524696350e-01
-1.125091612339019775e-01
-1.062439680099487305e-01
-1.219097301363945007e-01
-7.961092144250869751e-02
-1.083210930228233337e-01
-6.594500690698623657e-02
-1.578758656978607178e-01
-1.315572112798690796e-01
-1.631021052598953247e-01
-1.228564083576202393e-01
-1.154417768120765686e-01
-1.435380429029464722e-01
-1.151468679308891296e-01
-1.245069578289985657e-01
-9.935320168733596802e-02
-9.208904206752777100e-02
-1.258348971605300903e-01
-1.047298386693000793e-01
-1.003260761499404907e-01
-8.741529285907745361e-02
-1.056997478008270264e-01
-9.946572780609130859e-02
-5.272352322936058044e-02
-6.098585203289985657e-02
-1.076876819133758545e-01
-5.487508326768875122e-02
-1.002836674451828003e-01
-5.869273096323013306e-02
-1.098572462797164917e-01
-8.383595198392868042e-02
-1.087071746587753296e-01
-5.109506845474243164e-02
-6.786169856786727905e-02
-3.743120282888412476e-02
-2.340221311897039413e-03
-1.123906522989273071e-01
-6.919301301240921021e-02
-1.168721243739128113e-01
-7.940010726451873779e-02
-1.023840159177780151e-01
-1.055926233530044556e-01
-9.722437709569931030e-02
-8.585321903228759766e-02
-5.334784090518951416e-02
-4.393991082906723022e-02
6.118587683886289597e-03
-1.431756317615509033e-01
-1.411809325218200684e-01
-1.261710375547409058e-01
-1.273571550846099854e-01
-1.238874495029449463e-01
-6.335678696632385254e-02
-2.812896482646465302e-02
-2.029082551598548889e-02
-1.047424226999282837e-01
-6.600523740053176880e-02
-1.067759618163108826e-01
-5.903705209493637085e-02
-8.714230358600616455e-02
-2.265097945928573608e-02
-1.808502152562141418e-02
-1.832761764526367188e-01
-1.627863496541976929e-01
-1.495490670204162598e-01
-1.449538171291351318e-01
-1.310658901929855347e-01
-8.088085800409317017e-02
-2.792854048311710358e-02
6.321070715785026550e-03
-1.077452823519706726e-01
-1.128058135509490967e-01
-6.753306835889816284e-02
-5.407605320215225220e-02
-7.253493368625640869e-02
-9.950891137123107910e-02
-9.463176131248474121e-02
-8.413212746381759644e-02
-1.219829022884368896e-01
-7.629612833261489868e-02
-7.459972798824310303e-02
-5.343589186668395996e-02
-1.070056557655334473e-01
-1.026351377367973328e-01
-1.105375364422798157e-01
-5.189967155456542969e-02
-1.287649869918823242e-01
-8.620155602693557739e-02
-9.567023068666458130e-02
-7.547582685947418213e-02
-4.814018309116363525e-02
-5.409263446927070618e-02
-1.564964465796947479e-02
-1.160031631588935852e-01
-8.272892236709594727e-02
-1.043431907892227173e-01
-4.674191772937774658e-02
-1.155827119946479797e-01
-1.054162085056304932e-01
-7.853871583938598633e-02
-6.385594606399536133e-02
-9.394709765911102295e-02
-9.796638041734695435e-02
-8.766306191682815552e-02
-7.870134711265563965e-02
-1.172588169574737549e-01
-8.045516908168792725e-02
-9.377176314592361450e-02
-7.835957407951354980e-02
