-2.802768349647521973e-01
-3.024524748325347900e-01
-2.822044491767883301e-01
-2.535369098186492920e-01
-2.618708312511444092e-01
-2.474891394376754761e-01
-2.658519148826599121e-01
-3.023778200149536133e-01
-3.174521625041961670e-01
-3.234438300132751465e-01
-2.783859670162200928e-01
-3.360461294651031494e-01
-3.174022436141967773e-01
-3.463453352451324463e-01
-2.704662084579467773e-01
-3.248935341835021973e-01
-3.195031583309173584e-01
-3.645247817039489746e-01
-3.265398144721984863e-01
-2.685051262378692627e-01
-2.569152712821960449e-01
-2.560334801673889160e-01
-2.567013800144195557e-01
-2.628568708896636963e-01
-2.879492938518524170e-01
-2.775567173957824707e-01
-2.847186923027038574e-01
-3.375653624534606934e-01
-2.761444449424743652e-01
-3.707657754421234131e-01
-3.301586210727691650e-01
-3.936957120895385742e-01
-3.055694699287414551e-01
-2.837438285350799561e-01
-3.265415728092193604e-01
-3.410833775997161865e-01
-9.415806084871292114e-02
-7.709291577339172363e-02
-7.151568681001663208e-02
-2.458547614514827728e-02
-1.575710028409957886e-01
-1.483038812875747681e-01
-9.462978690862655640e-02
-9.296295791864395142e-02
-1.460267752408981323e-01
-1.023530960083007812e-01
-1.524860858917236328e-01
-1.548104584217071533e-01
-1.646133363246917725e-01
-1.139721721410751343e-01
-1.334427446126937866e-01
-1.247992888092994690e-01
-1.478758305311203003e-01
-1.457133144140243530e-01
-1.380707025527954102e-01
-1.316425055265426636e-01
-1.134096831083297729e-01
-9.337481111288070679e-02
-1.096735373139381409e-01
-6.155395507812500000e-02
-2.173887379467487335e-02
-5.048338696360588074e-02
-1.245349049568176270e-01
-6.657211482524871826e-02
-1.221012249588966370e-01
-1.288235932588577271e-01
-8.529615402221679688e-02
-1.233264058828353882e-01
-1.193440556526184082e-01
-8.932466804981231689e-02
-1.200874447822570801e-01
-8.831366151571273804e-02
-1.179683506488800049e-01
-1.074837669730186462e-01
-9.597429633140563965e-02
-1.190658882260322571e-01
-1.187476590275764465e-01
-9.406395256519317627e-02
-4.809745773673057556e-02
-1.011782735586166382e-01
-6.017429754137992859e-02
-1.201576888561248779e-01
-1.230858638882637024e-01
-9.823192656040191650e-02
-1.682957112789154053e-01
-6.900407373905181885e-02
-1.139044985175132751e-01
-7.383447140455245972e-02
-1.009399518370628357e-01
-8.466092497110366821e-02
-9.090483188629150391e-02
-7.980908453464508057e-02
-6.067402660846710205e-02
-7.251677662134170532e-02
-4.367107525467872620e-02
-1.602729111909866333e-01
-9.463582932949066162e-02
-1.120932325720787048e-01
-1.021760031580924988e-01
-9.649710357189178467e-02
-1.343414932489395142e-01
-1.083393618464469910e-01
-1.365234851837158203e-01
-5.651684477925300598e-02
-7.326177507638931274e-02
-6.354993581771850586e-02
-5.589012801647186279e-02
-9.257152676582336426e-02
-6.043801829218864441e-02
-8.998289704322814941e-02
-6.889146566390991211e-02
-6.181823462247848511e-02
-2.984148077666759491e-02
-1.198022589087486267e-01
-4.946788772940635681e-02
-9.418147802352905273e-02
-3.720477223396301270e-02
-1.258828043937683105e-01
-7.019340991973876953e-02
-9.346358478069305420e-02
-4.696344956755638123e-02
-6.231229752302169800e-02
-4.868895933032035828e-02
1.643256470561027527e-02
-7.768328487873077393e-02
-3.358733654022216797e-02
-9.860864281654357910e-02
-6.163956597447395325e-02
-1.006094291806221008e-01
-9.919352829456329346e-02
-8.092489838600158691e-02
-5.988082289695739746e-02
-4.993894696235656738e-02
-2.311826683580875397e-02
2.995233982801437378e-02
-1.248084753751754761e-01
-1.196546778082847595e-01
-1.005190983414649963e-01
-1.004842892289161682e-01
-1.039592996239662170e-01
-7.174114137887954712e-02
-1.223533228039741516e-02
-4.339126870036125183e-03
-9.227959811687469482e-02
-5.662117898464202881e-02
-5.140560120344161987e-02
-3.901875764131546021e-02
-8.238459378480911255e-02
-1.072848122566938400e-02
-1.719149760901927948e-02
-1.487237960100173950e-01
-1.491693407297134399e-01
-1.560270637273788452e-01
-1.250314116477966309e-01
-1.224556192755699158e-01
-6.175356730818748474e-02
-2.883626334369182587e-02
2.079886011779308319e-02
-6.008811295032501221e-02
-8.655905723571777344e-02
-5.429625883698463440e-02
-4.335556551814079285e-02
-6.582934409379959106e-02
-8.978814631700515747e-02
-7.080019265413284302e-02
-7.280783355236053467e-02
-9.502702206373214722e-02
-5.501674488186836243e-02
-7.931444793939590454e-02
-4.208941757678985596e-02
-9.991727769374847412e-02
-4.448291659355163574e-02
-6.239428743720054626e-02
-2.623761817812919617e-02
-1.028882265090942383e-01
-5.328633263707160950e-02
-5.822388827800750732e-02
-4.974568262696266174e-02
-3.540564328432083130e-02
-3.750295564532279968e-02
-1.175173744559288025e-02
-8.340760320425033569e-02
-5.825593695044517517e-02
-5.412236973643302917e-02
-2.430027723312377930e-02
-9.106951206922531128e-02
-6.676072627305984497e-02
-3.925849497318267822e-02
-4.625884443521499634e-02
-7.596159726381301880e-02
-6.383728981018066406e-02
-7.239171117544174194e-02
-7.410649210214614868e-02
-7.497055828571319580e-02
-6.138512864708900452e-02
-7.799554616212844849e-02
-4.561822116374969482e-02
