-2.653621733188629150e-01
-2.510252892971038818e-01
-2.813220918178558350e-01
-2.120962291955947876e-01
-2.369507402181625366e-01
-2.268693000078201294e-01
-2.646178901195526123e-01
-3.204354643821716309e-01
-2.454904913902282715e-01
-2.179994434118270874e-01
-2.505630850791931152e-01
-3.411513268947601318e-01
-2.561511397361755371e-01
-3.196014761924743652e-01
-2.298885434865951538e-01
-2.493602335453033447e-01
-3.578186929225921631e-01
-2.834562659263610840e-01
-2.631405293941497803e-01
-2.759032845497131348e-01
-2.602639198303222656e-01
-2.048895061016082764e-01
-1.989651024341583252e-01
-2.397199273109436035e-01
-2.756031155586242676e-01
-2.834688127040863037e-01
-2.792178988456726074e-01
-2.693810760974884033e-01
-2.487669289112091064e-01
-3.044038116931915283e-01
-2.503362596035003662e-01
-3.256598412990570068e-01
-2.852517068386077881e-01
-2.178644686937332153e-01
-2.388008534908294678e-01
-3.024272024631500244e-01
-9.487842023372650146e-02
-8.166470378637313843e-02
-6.982483714818954468e-02
-7.669223845005035400e-02
-1.405489444732666016e-01
-1.344465613365173340e-01
-1.403331011533737183e-01
-1.374787390232086182e-01
-1.660821884870529175e-01
-1.268062144517898560e-01
-1.533492952585220337e-01
-1.421726346015930176e-01
-1.701789051294326782e-01
-1.191526874899864197e-01
-1.489709317684173584e-01
-1.313329786062240601e-01
-1.496421098709106445e-01
-1.720889508724212646e-01
-1.536844223737716675e-01
-1.640373766422271729e-01
-1.334344893693923950e-01
-1.307236701250076294e-01
-8.772119879722595215e-02
-8.174514025449752808e-02
-6.039426848292350769e-02
-6.366293877363204956e-02
-1.201559007167816162e-01
-8.136381953954696655e-02
-1.244877502322196960e-01
-1.481735408306121826e-01
-1.017491072416305542e-01
-1.391606926918029785e-01
-1.302716732025146484e-01
-1.023712083697319031e-01
-1.099321395158767700e-01
-1.175789907574653625e-01
-1.245261877775192261e-01
-1.284995079040527344e-01
-1.252711415290832520e-01
-1.261733323335647583e-01
-1.307018399238586426e-01
-1.130869463086128235e-01
-7.085592299699783325e-02
-8.535365015268325806e-02
-7.852986454963684082e-02
-1.081385463476181030e-01
-1.024456098675727844e-01
-9.963519126176834106e-02
-1.394941657781600952e-01
-9.197033941745758057e-02
-1.431342065334320068e-01
-1.044338569045066833e-01
-1.233689263463020325e-01
-1.435100436210632324e-01
-1.191981881856918335e-01
-8.552575111389160156e-02
-7.658727467060089111e-02
-8.691419661045074463e-02
-9.229974448680877686e-02
-1.324167400598526001e-01
-9.648206830024719238e-02
-1.433760821819305420e-01
-1.301566660404205322e-01
-1.162168085575103760e-01
-1.447155922651290894e-01
-1.227023676037788391e-01
-1.365557312965393066e-01
-1.042622849345207214e-01
-1.072646081447601318e-01
-9.259671717882156372e-02
-7.515221834182739258e-02
-8.880107849836349487e-02
-7.875254750251770020e-02
-1.078253909945487976e-01
-1.071473434567451477e-01
-7.637381553649902344e-02
-7.945227622985839844e-02
-9.564992040395736694e-02
-7.039698213338851929e-02
-8.846741169691085815e-02
-8.461497724056243896e-02
-1.206572577357292175e-01
-8.168532699346542358e-02
-8.442007750272750854e-02
-7.205749303102493286e-02
-5.602612346410751343e-02
-3.585082292556762695e-02
-1.461356785148382187e-02
-9.199190139770507812e-02
-7.258743792772293091e-02
-1.067979410290718079e-01
-9.241646528244018555e-02
-1.226610764861106873e-01
-9.813803434371948242e-02
-8.515396714210510254e-02
-9.321565926074981689e-02
-5.362043157219886780e-02
-3.689502552151679993e-02
-1.433559227734804153e-02
-1.221126243472099304e-01
-1.314678192138671875e-01
-1.438321769237518311e-01
-1.286063045263290405e-01
-1.073022186756134033e-01
-2.826895751059055328e-02
-4.075595736503601074e-02
-2.408420480787754059e-02
-8.791541308164596558e-02
-8.011016249656677246e-02
-9.302461147308349609e-02
-7.621058821678161621e-02
-8.897962421178817749e-02
-1.927797123789787292e-02
-3.687069192528724670e-02
-1.605161279439926147e-01
-1.488623321056365967e-01
-1.120245456695556641e-01
-1.245027109980583191e-01
-1.060101762413978577e-01
-6.618539988994598389e-02
-4.785985872149467468e-02
7.776246056891977787e-04
-1.196463853120803833e-01
-7.791031897068023682e-02
-7.570692151784896851e-02
-7.164437323808670044e-02
-9.159837663173675537e-02
-9.041584283113479614e-02
-1.088053137063980103e-01
-7.853480428457260132e-02
-1.107171103358268738e-01
-6.003593653440475464e-02
-8.701403439044952393e-02
-7.332867383956909180e-02
-1.018690839409828186e-01
-7.443431764841079712e-02
-7.732644677162170410e-02
-6.330329924821853638e-02
-1.164956018328666687e-01
-6.726283580064773560e-02
-8.796716481447219849e-02
-6.505277007818222046e-02
-5.820096656680107117e-02
-4.425972700119018555e-02
-3.166744858026504517e-02
-1.250725388526916504e-01
-8.013892918825149536e-02
-7.802768796682357788e-02
-6.862969696521759033e-02
-1.068757176399230957e-01
-8.599425852298736572e-02
-8.828734606504440308e-02
-8.039048314094543457e-02
-8.919806033372879028e-02
-9.322383254766464233e-02
-1.065387725830078125e-01
-1.020937338471412659e-01
-1.162853762507438660e-01
-7.226494699716567993e-02
-9.571401774883270264e-02
-8.164072781801223755e-02
