-2.695857286453247070e-01
-2.535992860794067383e-01
-2.764702737331390381e-01
-1.988033801317214966e-01
-2.315254211425781250e-01
-2.017444074153900146e-01
-2.485107034444808960e-01
-3.393354713916778564e-01
-2.600937783718109131e-01
-2.074553370475769043e-01
-2.359067648649215698e-01
-3.062179684638977051e-01
-2.232368439435958862e-01
-2.974914014339447021e-01
-1.812597811222076416e-01
-2.178146690130233765e-01
-3.346103727817535400e-01
-2.646155357360839844e-01
-2.756215035915374756e-01
-2.563604414463043213e-01
-2.190593779087066650e-01
-1.920943260192871094e-01
-1.450487375259399414e-01
-2.162828296422958374e-01
-2.671634554862976074e-01
-2.727665007114410400e-01
-2.182534039020538330e-01
-2.581439912319183350e-01
-2.010607868432998657e-01
-2.745271027088165283e-01
-2.198623567819595337e-01
-3.063631951808929443e-01
-2.700347304344177246e-01
-1.859539151191711426e-01
-2.321643531322479248e-01
-2.849275767803192139e-01
-8.807466179132461548e-02
-1.056866645812988281e-01
-7.764040678739547729e-02
-6.178258359432220459e-02
-1.424456089735031128e-01
-1.469146311283111572e-01
-1.609118878841400146e-01
-1.302765011787414551e-01
-1.565433889627456665e-01
-1.304193437099456787e-01
-1.557971984148025513e-01
-1.309583932161331177e-01
-1.435911357402801514e-01
-1.133026331663131714e-01
-1.493221521377563477e-01
-1.083452105522155762e-01
-1.390671730041503906e-01
-1.568326503038406372e-01
-1.568621248006820679e-01
-1.194170042872428894e-01
-1.429074555635452271e-01
-1.072722449898719788e-01
-8.541075140237808228e-02
-8.746023476123809814e-02
-5.673772096633911133e-02
-5.337831377983093262e-02
-1.174835711717605591e-01
-1.008972078561782837e-01
-1.108874157071113586e-01
-1.366683095693588257e-01
-8.326298743486404419e-02
-1.361266821622848511e-01
-1.499057561159133911e-01
-1.136387437582015991e-01
-1.089397072792053223e-01
-1.080587357282638550e-01
-1.134187802672386169e-01
-1.221964657306671143e-01
-1.117167770862579346e-01
-1.206990107893943787e-01
-1.129628270864486694e-01
-9.058348089456558228e-02
-5.300080403685569763e-02
-1.036675944924354553e-01
-7.885409891605377197e-02
-1.157847270369529724e-01
-1.043414101004600525e-01
-8.499678969383239746e-02
-1.176093593239784241e-01
-6.171304732561111450e-02
-1.057602539658546448e-01
-9.873555600643157959e-02
-1.134873777627944946e-01
-1.009914726018905640e-01
-8.497006446123123169e-02
-1.010308861732482910e-01
-8.648209273815155029e-02
-1.072617098689079285e-01
-5.739318206906318665e-02
-1.311317682266235352e-01
-1.189476922154426575e-01
-1.137940809130668640e-01
-1.114210560917854309e-01
-8.744481205940246582e-02
-1.265448480844497681e-01
-1.164977177977561951e-01
-1.371396780014038086e-01
-9.081055223941802979e-02
-1.035838052630424500e-01
-1.148129776120185852e-01
-6.527759879827499390e-02
-8.671123534440994263e-02
-7.731771469116210938e-02
-1.105361729860305786e-01
-9.291559457778930664e-02
-6.138809025287628174e-02
-5.773079022765159607e-02
-1.030370518565177917e-01
-5.928415805101394653e-02
-9.745655953884124756e-02
-6.064294651150703430e-02
-1.061644256114959717e-01
-6.316969543695449829e-02
-6.802564114332199097e-02
-3.011784702539443970e-02
-5.620147287845611572e-02
-1.130961067974567413e-02
-1.113587338477373123e-02
-1.187656298279762268e-01
-6.361142545938491821e-02
-9.141325950622558594e-02
-5.632658675312995911e-02
-1.148286759853363037e-01
-1.019305139780044556e-01
-8.114675432443618774e-02
-5.708874017000198364e-02
-3.308482468128204346e-02
-6.213324517011642456e-02
2.137018181383609772e-02
-1.374876648187637329e-01
-1.186969205737113953e-01
-9.895444661378860474e-02
-1.270820647478103638e-01
-1.012585461139678955e-01
-4.718546941876411438e-02
-1.894665323197841644e-02
-8.850056678056716919e-03
-8.125226944684982300e-02
-7.259549200534820557e-02
-7.887633144855499268e-02
-6.138124689459800720e-02
-4.749097675085067749e-02
-1.947198063135147095e-02
-3.952783066779375076e-03
-1.603684872388839722e-01
-1.211036145687103271e-01
-1.480817645788192749e-01
-1.050748154520988464e-01
-8.999287337064743042e-02
-4.587337002158164978e-02
-3.761113062500953674e-02
-1.056749187409877777e-02
-9.666553139686584473e-02
-9.084907919168472290e-02
-6.179771944880485535e-02
-5.391801148653030396e-02
-8.966594189405441284e-02
-8.956415206193923950e-02
-9.708681702613830566e-02
-8.385312557220458984e-02
-1.221240460872650146e-01
-8.653923124074935913e-02
-8.273611962795257568e-02
-4.822536185383796692e-02
-9.907000511884689331e-02
-8.397632092237472534e-02
-9.433018416166305542e-02
-6.827095150947570801e-02
-8.662048727273941040e-02
-7.930350303649902344e-02
-7.637719064950942993e-02
-7.845374941825866699e-02
-4.965982958674430847e-02
-3.594878688454627991e-02
-1.858475245535373688e-02
-6.337525695562362671e-02
-7.817552983760833740e-02
-8.297186344861984253e-02
-7.348401099443435669e-02
-1.009767949581146240e-01
-6.638684123754501343e-02
-6.490718573331832886e-02
-6.143348664045333862e-02
-9.705961495637893677e-02
-9.244402498006820679e-02
-8.472604304552078247e-02
-7.228983193635940552e-02
-9.896999597549438477e-02
-8.395951241254806519e-02
-7.667078822851181030e-02
-6.757113337516784668e-02
