-3.293767273426055908e-01
-3.224976062774658203e-01
-3.048523068428039551e-01
-2.686195671558380127e-01
-2.913517057895660400e-01
-2.638824880123138428e-01
-3.053438663482666016e-01
-3.621088564395904541e-01
-3.035228550434112549e-01
-3.250045776367187500e-01
-2.807465493679046631e-01
-3.790466785430908203e-01
-3.225474655628204346e-01
-3.554154634475708008e-01
-2.873561382293701172e-01
-3.532143235206604004e-01
-3.940627872943878174e-01
-3.604693114757537842e-01
-3.247173428535461426e-01
-3.161862790584564209e-01
-2.754808962345123291e-01
-2.863671183586120605e-01
-2.428031861782073975e-01
-2.815833687782287598e-01
-2.970823943614959717e-01
-3.510139286518096924e-01
-3.042623698711395264e-01
-3.542139530181884766e-01
-2.713141441345214844e-01
-3.893195688724517822e-01
-3.281864821910858154e-01
-3.868603408336639404e-01
-3.354592621326446533e-01
-2.995402216911315918e-01
-3.245189487934112549e-01
-3.859882950782775879e-01
-7.889511436223983765e-02
-8.128251880407333374e-02
-8.861423283815383911e-02
-4.204868525266647339e-02
-1.638726592063903809e-01
-1.564680784940719604e-01
-1.520326882600784302e-01
-1.386919170618057251e-01
-1.302025765180587769e-01
-1.123910844326019287e-01
-1.753928661346435547e-01
-2.057643979787826538e-01
-1.697041541337966919e-01
-1.278397291898727417e-01
-1.647889018058776855e-01
-1.306619048118591309e-01
-1.439489275217056274e-01
-1.554818898439407349e-01
-1.585453301668167114e-01
-1.670858860015869141e-01
-1.173783317208290100e-01
-1.114893630146980286e-01
-1.044113636016845703e-01
-8.858007937669754028e-02
-5.156774818897247314e-02
-3.703892230987548828e-02
-1.324322521686553955e-01
-9.665558487176895142e-02
-1.337007135152816772e-01
-1.398209631443023682e-01
-1.003666669130325317e-01
-1.256830692291259766e-01
-1.411301344633102417e-01
-1.050298511981964111e-01
-1.156844273209571838e-01
-8.633513748645782471e-02
-1.375864893198013306e-01
-1.166633740067481995e-01
-1.051754578948020935e-01
-1.473223417997360229e-01
-1.361796855926513672e-01
-8.990739285945892334e-02
-6.998189538717269897e-02
-1.095184013247489929e-01
-6.655938178300857544e-02
-1.088933125138282776e-01
-1.422397792339324951e-01
-1.027151569724082947e-01
-1.533149033784866333e-01
-6.593733280897140503e-02
-1.080535873770713806e-01
-8.811981976032257080e-02
-1.229450777173042297e-01
-1.223757117986679077e-01
-9.335017204284667969e-02
-9.420490264892578125e-02
-6.919399648904800415e-02
-8.348506689071655273e-02
-5.109422281384468079e-02
-1.375051587820053101e-01
-1.281698793172836304e-01
-1.704559624195098877e-01
-1.377489715814590454e-01
-1.041191369295120239e-01
-1.554133892059326172e-01
-1.259042620658874512e-01
-1.244459152221679688e-01
-8.911088109016418457e-02
-9.676408767700195312e-02
-1.083254143595695496e-01
-6.517750024795532227e-02
-9.366910904645919800e-02
-6.393117457628250122e-02
-1.109560728073120117e-01
-9.342126548290252686e-02
-8.142089843750000000e-02
-4.225525259971618652e-02
-8.873237669467926025e-02
-5.550622195005416870e-02
-9.291347861289978027e-02
-4.353554919362068176e-02
-1.001662611961364746e-01
-9.044846147298812866e-02
-1.123622581362724304e-01
-5.444676801562309265e-02
-6.993286311626434326e-02
-3.853858634829521179e-02
1.336575765162706375e-02
-9.678508341312408447e-02
-6.222110241651535034e-02
-1.040616557002067566e-01
-7.440374046564102173e-02
-9.909076988697052002e-02
-9.362594783306121826e-02
-7.686092704534530640e-02
-7.720637321472167969e-02
-7.417361438274383545e-02
-4.468716681003570557e-02
4.730166867375373840e-03
-1.292726397514343262e-01
-1.327909827232360840e-01
-1.020548716187477112e-01
-1.348776370286941528e-01
-1.167881637811660767e-01
-4.768037423491477966e-02
-2.898659743368625641e-02
-7.105213124305009842e-03
-1.075327694416046143e-01
-8.999764174222946167e-02
-8.953171223402023315e-02
-5.856635048985481262e-02
-6.370881199836730957e-02
-2.598022297024726868e-02
-4.520644433796405792e-03
-1.926366090774536133e-01
-1.857949644327163696e-01
-1.762877106666564941e-01
-1.498008370399475098e-01
-1.179264634847640991e-01
-5.865590274333953857e-02
-3.111504018306732178e-02
6.049092393368482590e-03
-1.247598752379417419e-01
-1.108034625649452209e-01
-7.065268605947494507e-02
-4.123104363679885864e-02
-1.040257811546325684e-01
-1.155401021242141724e-01
-1.105755642056465149e-01
-6.942256540060043335e-02
-1.042263731360435486e-01
-8.811495453119277954e-02
-7.908648252487182617e-02
-3.930635005235671997e-02
-1.039213091135025024e-01
-1.173315346240997314e-01
-7.469575852155685425e-02
-5.022188648581504822e-02
-9.704980999231338501e-02
-9.488867223262786865e-02
-7.147929817438125610e-02
-6.194402649998664856e-02
-3.767613321542739868e-02
-4.914613068103790283e-02
-1.361186616122722626e-02
-1.242171376943588257e-01
-9.349185973405838013e-02
-7.916268706321716309e-02
-4.713171347975730896e-02
-1.045041903853416443e-01
-8.535054326057434082e-02
-6.102674826979637146e-02
-4.817811772227287292e-02
-9.762994199991226196e-02
-9.776474535465240479e-02
-1.008995696902275085e-01
-8.211512118577957153e-02
-1.078774929046630859e-01
-6.708972901105880737e-02
-7.825580239295959473e-02
-6.873044371604919434e-02
