-2.923891842365264893e-01
-2.983598113059997559e-01
-3.219039142131805420e-01
-2.748839557170867920e-01
-2.852297127246856689e-01
-2.682811319828033447e-01
-2.970540225505828857e-01
-3.424889743328094482e-01
-3.317595720291137695e-01
-3.486587405204772949e-01
-3.052341639995574951e-01
-4.012355506420135498e-01
-3.369582295417785645e-01
-3.535549640655517578e-01
-2.818555533885955811e-01
-3.552080690860748291e-01
-4.034867882728576660e-01
-3.489589989185333252e-01
-3.073453307151794434e-01
-2.849845886230468750e-01
-2.579360008239746094e-01
-2.908133268356323242e-01
-2.420913577079772949e-01
-2.974473237991333008e-01
-3.039187192916870117e-01
-3.222126960754394531e-01
-2.889609932899475098e-01
-3.617808222770690918e-01
-2.745848298072814941e-01
-4.059188067913055420e-01
-3.330106139183044434e-01
-3.899207413196563721e-01
-3.274756968021392822e-01
-3.263085782527923584e-01
-3.391676843166351318e-01
-3.599927425384521484e-01
-8.789077401161193848e-02
-1.179658547043800354e-01
-9.117028117179870605e-02
-4.957397654652595520e-02
-1.710966378450393677e-01
-1.845219731330871582e-01
-1.684513986110687256e-01
-1.297817081212997437e-01
-1.537707746028900146e-01
-1.127129718661308289e-01
-1.579305082559585571e-01
-1.898492723703384399e-01
-1.712001115083694458e-01
-1.514626741409301758e-01
-1.621188670396804810e-01
-1.302216649055480957e-01
-1.495601534843444824e-01
-1.734218150377273560e-01
-1.544902324676513672e-01
-1.714407354593276978e-01
-1.388430893421173096e-01
-1.026226580142974854e-01
-1.039306148886680603e-01
-9.905708581209182739e-02
-5.660627037286758423e-02
-3.834858909249305725e-02
-1.576520651578903198e-01
-9.109526127576828003e-02
-1.316803395748138428e-01
-1.587231606245040894e-01
-8.628273755311965942e-02
-1.419094949960708618e-01
-1.314583271741867065e-01
-1.013282015919685364e-01
-1.366220414638519287e-01
-9.333538264036178589e-02
-1.478121578693389893e-01
-1.283743977546691895e-01
-1.231863871216773987e-01
-1.514394581317901611e-01
-1.267595887184143066e-01
-1.043961048126220703e-01
-6.575378775596618652e-02
-1.297616958618164062e-01
-6.819492578506469727e-02
-1.303408890962600708e-01
-1.372014433145523071e-01
-1.139610186219215393e-01
-1.599036455154418945e-01
-5.881411582231521606e-02
-1.370057165622711182e-01
-1.058532223105430603e-01
-1.266600191593170166e-01
-1.083753556013107300e-01
-9.139283746480941772e-02
-1.004834324121475220e-01
-7.984156161546707153e-02
-8.788963407278060913e-02
-5.074422806501388550e-02
-1.632850468158721924e-01
-1.121149882674217224e-01
-1.352344155311584473e-01
-1.161783561110496521e-01
-1.022288799285888672e-01
-1.613214910030364990e-01
-1.157250255346298218e-01
-1.224879920482635498e-01
-8.557476848363876343e-02
-8.605040609836578369e-02
-1.016347482800483704e-01
-7.351843267679214478e-02
-7.445657998323440552e-02
-6.038222834467887878e-02
-1.231712549924850464e-01
-1.100618317723274231e-01
-5.507175996899604797e-02
-3.979578614234924316e-02
-9.250646084547042847e-02
-3.089637868106365204e-02
-1.004966050386428833e-01
-3.206354007124900818e-02
-1.013432294130325317e-01
-8.720155060291290283e-02
-1.120330020785331726e-01
-5.281322821974754333e-02
-7.011750340461730957e-02
-2.404085546731948853e-02
6.901602027937769890e-04
-1.327356696128845215e-01
-5.996658653020858765e-02
-1.145487204194068909e-01
-7.240290194749832153e-02
-9.918534755706787109e-02
-1.275945305824279785e-01
-8.405409008264541626e-02
-6.316380947828292847e-02
-6.545104831457138062e-02
-3.381063789129257202e-02
1.930135674774646759e-02
-1.308752149343490601e-01
-1.245117262005805969e-01
-1.105360761284828186e-01
-1.306061297655105591e-01
-1.178943738341331482e-01
-8.220311254262924194e-02
-1.569285057485103607e-02
-6.150196772068738937e-03
-9.378196299076080322e-02
-5.448862537741661072e-02
-8.716484904289245605e-02
-5.247921124100685120e-02
-8.415941894054412842e-02
-2.324677817523479462e-02
-1.049573346972465515e-02
-1.607114225625991821e-01
-1.535256654024124146e-01
-1.661919206380844116e-01
-1.496406495571136475e-01
-1.214871853590011597e-01
-8.072391897439956665e-02
-3.411306068301200867e-02
1.177084445953369141e-02
-9.297733008861541748e-02
-8.067923784255981445e-02
-6.016357243061065674e-02
-4.923930391669273376e-02
-9.863434731960296631e-02
-8.760660886764526367e-02
-8.490971475839614868e-02
-6.519912183284759521e-02
-8.801755309104919434e-02
-4.755453020334243774e-02
-8.900897949934005737e-02
-4.033071920275688171e-02
-9.553477913141250610e-02
-7.637998461723327637e-02
-9.059091657400131226e-02
-4.277548938989639282e-02
-1.034499108791351318e-01
-5.704097822308540344e-02
-7.769637554883956909e-02
-5.846878513693809509e-02
-3.446181491017341614e-02
-5.401407927274703979e-02
-4.791318904608488083e-03
-9.176047146320343018e-02
-9.646121412515640259e-02
-1.008170470595359802e-01
-3.486463427543640137e-02
-1.109850406646728516e-01
-9.970913827419281006e-02
-6.447423249483108521e-02
-4.655311629176139832e-02
-7.580101490020751953e-02
-6.608161330223083496e-02
-9.369471669197082520e-02
-7.179603725671768188e-02
-1.038335040211677551e-01
-7.805862277746200562e-02
-9.121461957693099976e-02
-5.158935487270355225e-02
