-2.485056072473526001e-01
-2.613966464996337891e-01
-2.612082660198211670e-01
-1.903231441974639893e-01
-2.136993408203125000e-01
-2.043372094631195068e-01
-2.596712410449981689e-01
-3.383997380733489990e-01
-2.357789576053619385e-01
-2.064009904861450195e-01
-2.166223376989364624e-01
-3.280238211154937744e-01
-2.450254410505294800e-01
-3.327849507331848145e-01
-1.693471819162368774e-01
-2.062220126390457153e-01
-3.413535654544830322e-01
-2.761723697185516357e-01
-2.414757013320922852e-01
-2.835613489151000977e-01
-2.195933461189270020e-01
-1.983546316623687744e-01
-1.579245477914810181e-01
-2.306434065103530884e-01
-2.590676546096801758e-01
-2.529051899909973145e-01
-2.263192981481552124e-01
-2.822219431400299072e-01
-2.126448899507522583e-01
-2.882746458053588867e-01
-2.386855930089950562e-01
-3.284411430358886719e-01
-2.585071027278900146e-01
-1.956805735826492310e-01
-2.406280189752578735e-01
-2.866055667400360107e-01
-1.016395911574363708e-01
-7.466286420822143555e-02
-7.633323967456817627e-02
-6.241248548030853271e-02
-1.333543062210083008e-01
-1.541935801506042480e-01
-1.222602576017379761e-01
-1.218245849013328552e-01
-1.362950801849365234e-01
-1.038831025362014771e-01
-1.288890093564987183e-01
-1.537530869245529175e-01
-1.670489013195037842e-01
-1.185250803828239441e-01
-1.561450660228729248e-01
-9.649997204542160034e-02
-1.426553875207901001e-01
-1.430061757564544678e-01
-1.324032694101333618e-01
-1.458448916673660278e-01
-1.510982960462570190e-01
-9.639949351549148560e-02
-8.069481700658798218e-02
-8.408941328525543213e-02
-4.309017956256866455e-02
-3.809838742017745972e-02
-1.171046867966651917e-01
-1.041434109210968018e-01
-1.142948642373085022e-01
-1.313145309686660767e-01
-7.902388274669647217e-02
-1.104389727115631104e-01
-1.094229668378829956e-01
-1.116339042782783508e-01
-1.040865853428840637e-01
-1.001897528767585754e-01
-1.106768697500228882e-01
-1.221719235181808472e-01
-1.065414249897003174e-01
-1.395041793584823608e-01
-1.028091162443161011e-01
-7.957095652818679810e-02
-7.305852323770523071e-02
-8.958466351032257080e-02
-5.358976498246192932e-02
-1.049136221408843994e-01
-1.005743443965911865e-01
-9.911228716373443604e-02
-1.230640485882759094e-01
-5.826515331864356995e-02
-1.274396926164627075e-01
-9.424877911806106567e-02
-1.287204772233963013e-01
-1.202148571610450745e-01
-9.751805663108825684e-02
-1.129908636212348938e-01
-8.213799446821212769e-02
-8.939044177532196045e-02
-6.532023102045059204e-02
-1.253790557384490967e-01
-8.710269629955291748e-02
-1.204816550016403198e-01
-1.185092851519584656e-01
-9.039464592933654785e-02
-1.220777407288551331e-01
-1.086930930614471436e-01
-1.237887144088745117e-01
-1.121484786272048950e-01
-8.810189366340637207e-02
-1.043831259012222290e-01
-7.104372978210449219e-02
-8.121214061975479126e-02
-8.033437281847000122e-02
-9.217914193868637085e-02
-7.202704995870590210e-02
-4.980602487921714783e-02
-6.287840008735656738e-02
-9.551720321178436279e-02
-7.194045186042785645e-02
-8.359353989362716675e-02
-6.077868863940238953e-02
-1.318403780460357666e-01
-5.911747366189956665e-02
-9.722275286912918091e-02
-3.851315006613731384e-02
-4.607085511088371277e-02
-3.013682179152965546e-02
-5.580490920692682266e-03
-9.582260996103286743e-02
-4.681525751948356628e-02
-1.159711629152297974e-01
-4.817896708846092224e-02
-9.910607337951660156e-02
-1.016516685485839844e-01
-6.664071232080459595e-02
-5.360621958971023560e-02
-5.022822320461273193e-02
-3.472437337040901184e-02
7.440106943249702454e-03
-1.318088322877883911e-01
-1.102666631340980530e-01
-1.197188198566436768e-01
-1.049645841121673584e-01
-9.845236688852310181e-02
-5.571211501955986023e-02
-3.387764468789100647e-02
-4.578707274049520493e-03
-9.653428941965103149e-02
-6.968170404434204102e-02
-8.327754586935043335e-02
-4.532048478722572327e-02
-7.811042666435241699e-02
-1.582762785255908966e-02
-2.577973995357751846e-03
-1.665163636207580566e-01
-1.510821431875228882e-01
-1.365044564008712769e-01
-1.274022310972213745e-01
-8.644682914018630981e-02
-3.902526944875717163e-02
-2.509467490017414093e-02
1.289491262286901474e-02
-8.827591687440872192e-02
-8.076042681932449341e-02
-7.067149132490158081e-02
-3.789519146084785461e-02
-7.745656371116638184e-02
-9.056991338729858398e-02
-9.568741917610168457e-02
-8.447834104299545288e-02
-1.075642481446266174e-01
-7.355910539627075195e-02
-8.041545748710632324e-02
-4.456669464707374573e-02
-1.021859571337699890e-01
-7.106730341911315918e-02
-8.354905992746353149e-02
-5.310565233230590820e-02
-9.725894778966903687e-02
-8.264589309692382812e-02
-7.489710301160812378e-02
-6.679170578718185425e-02
-3.539088740944862366e-02
-5.090433359146118164e-02
-1.290387474000453949e-02
-1.041534319519996643e-01
-9.100018441677093506e-02
-8.979491144418716431e-02
-5.249198526144027710e-02
-6.837249547243118286e-02
-8.572029322385787964e-02
-7.508090138435363770e-02
-5.820105597376823425e-02
-8.821643143892288208e-02
-7.854935526847839355e-02
-1.087054908275604248e-01
-6.149806454777717590e-02
-8.446798473596572876e-02
-8.142451941967010498e-02
-9.671295434236526489e-02
-5.397783964872360229e-02
