-2.722424268722534180e-01
-3.043885529041290283e-01
-3.005112409591674805e-01
-2.499266564846038818e-01
-2.892930805683135986e-01
-2.663955986499786377e-01
-3.091746270656585693e-01
-3.685011863708496094e-01
-3.262495696544647217e-01
-3.482392132282257080e-01
-2.827703058719635010e-01
-3.900197148323059082e-01
-3.194742500782012939e-01
-3.558086752891540527e-01
-2.874178886413574219e-01
-3.577355146408081055e-01
-3.905840814113616943e-01
-3.687474131584167480e-01
-2.897195816040039062e-01
-3.340235948562622070e-01
-2.620609104633331299e-01
-2.839371860027313232e-01
-2.571149468421936035e-01
-3.042187392711639404e-01
-2.749084532260894775e-01
-3.061217367649078369e-01
-2.725347876548767090e-01
-3.473851084709167480e-01
-2.760956585407257080e-01
-3.895002305507659912e-01
-3.450029790401458740e-01
-4.203805029392242432e-01
-3.299919068813323975e-01
-3.141902685165405273e-01
-3.509732484817504883e-01
-3.895365297794342041e-01
-8.464851230382919312e-02
-1.043125092983245850e-01
-9.673611074686050415e-02
-3.979082033038139343e-02
-1.474664509296417236e-01
-1.343663036823272705e-01
-1.366251111030578613e-01
-1.323543041944503784e-01
-1.545230299234390259e-01
-1.101850271224975586e-01
-1.820576339960098267e-01
-1.807619184255599976e-01
-1.724971830844879150e-01
-1.417707651853561401e-01
-1.645526736974716187e-01
-1.409474313259124756e-01
-1.478438526391983032e-01
-1.716552972793579102e-01
-1.449923962354660034e-01
-1.622013896703720093e-01
-1.322697252035140991e-01
-1.039216518402099609e-01
-1.082313731312751770e-01
-7.912909239530563354e-02
-4.582503810524940491e-02
-4.063966497778892517e-02
-1.319202780723571777e-01
-8.103927224874496460e-02
-1.245299279689788818e-01
-1.641778051853179932e-01
-8.889370411634445190e-02
-1.195543482899665833e-01
-1.302397847175598145e-01
-9.363893419504165649e-02
-9.113408625125885010e-02
-9.901318699121475220e-02
-1.395292580127716064e-01
-9.709791094064712524e-02
-1.037024855613708496e-01
-1.311049014329910278e-01
-1.354724615812301636e-01
-1.280588060617446899e-01
-4.473172500729560852e-02
-1.054569780826568604e-01
-6.362935900688171387e-02
-1.269842982292175293e-01
-1.327921301126480103e-01
-1.019162014126777649e-01
-1.290565878152847290e-01
-6.196849048137664795e-02
-1.381262391805648804e-01
-9.114312380552291870e-02
-1.299475878477096558e-01
-1.014352813363075256e-01
-9.184322506189346313e-02
-9.867402911186218262e-02
-7.350925356149673462e-02
-7.599399983882904053e-02
-4.922007024288177490e-02
-1.164735332131385803e-01
-1.188833639025688171e-01
-1.502892374992370605e-01
-1.112888529896736145e-01
-1.143484711647033691e-01
-1.467617154121398926e-01
-1.204449683427810669e-01
-1.201858073472976685e-01
-9.777891635894775391e-02
-7.827872037887573242e-02
-1.176609694957733154e-01
-5.831633508205413818e-02
-7.729573547840118408e-02
-7.168580591678619385e-02
-1.028005033731460571e-01
-7.635969668626785278e-02
-6.685171276330947876e-02
-3.012951463460922241e-02
-8.937315642833709717e-02
-5.224887654185295105e-02
-1.019861325621604919e-01
-3.830162063241004944e-02
-1.167439445853233337e-01
-6.802342832088470459e-02
-9.461413323879241943e-02
-5.384788662195205688e-02
-8.942160010337829590e-02
-4.557905718684196472e-02
9.834069758653640747e-03
-1.195761337876319885e-01
-5.807514861226081848e-02
-8.814392238855361938e-02
-7.010500133037567139e-02
-1.140426322817802429e-01
-1.097724437713623047e-01
-7.894182950258255005e-02
-7.190339267253875732e-02
-5.354582890868186951e-02
-2.376619353890419006e-02
2.614838257431983948e-02
-1.328139752149581909e-01
-1.255805343389511108e-01
-1.203860417008399963e-01
-1.283339858055114746e-01
-1.154913082718849182e-01
-5.235779657959938049e-02
-1.243753731250762939e-02
-1.197193097323179245e-02
-1.105984896421432495e-01
-4.330106824636459351e-02
-9.333052486181259155e-02
-5.543768405914306641e-02
-6.963439285755157471e-02
-1.532589551061391830e-02
-1.505753258243203163e-03
-1.792622357606887817e-01
-1.454706788063049316e-01
-1.386576145887374878e-01
-1.186990663409233093e-01
-1.205643266439437866e-01
-5.727958306670188904e-02
-3.315301984548568726e-02
2.455104701220989227e-02
-1.185704693198204041e-01
-7.902745157480239868e-02
-6.347820907831192017e-02
-3.584570810198783875e-02
-9.623529016971588135e-02
-1.050787642598152161e-01
-9.047081321477890015e-02
-8.161625266075134277e-02
-8.255164325237274170e-02
-5.816328898072242737e-02
-8.219501376152038574e-02
-5.021314695477485657e-02
-1.049739345908164978e-01
-7.286295294761657715e-02
-8.775898814201354980e-02
-3.764908015727996826e-02
-1.057044193148612976e-01
-6.047115102410316467e-02
-7.706143707036972046e-02
-6.983226537704467773e-02
-4.077499359846115112e-02
-5.728414282202720642e-02
-1.053285691887140274e-02
-1.131294816732406616e-01
-8.626237511634826660e-02
-7.644293457269668579e-02
-2.095887251198291779e-02
-1.115120947360992432e-01
-7.195317745208740234e-02
-6.123908981680870056e-02
-5.371958017349243164e-02
-8.579960465431213379e-02
-7.380259782075881958e-02
-7.291723042726516724e-02
-8.280231803655624390e-02
-9.415638446807861328e-02
-7.906544208526611328e-02
-8.915113657712936401e-02
-5.794549360871315002e-02
